0.116483 -0.0890711 0.90849 -0.875197 -0.11384 -0.925683 0.558887 -0.444373 -0.87536 0.188314 -1.62166 -0.635412 0.879779 0.130935 -0.573403 0 -0.114004 -0.877977 0.9193 -0.0971013 0.116647 
0.18127 -0.576861 1.21209 -0.913901 -0.106219 -0.375715 0.809782 -1.93479 -0.383645 1.70648 -1.45847 -1.18181 -0.949572 0.771506 0.559792 0 -0.107875 -0.963023 1.34221 -0.657852 0.182825 
0.188095 -0.770274 1.29663 0.341581 0.114649 -0.467945 0.253709 1.40165 -1.17766 -0.8129 -1.79575 -1.13264 -0.0901109 0.0996257 0.741365 0 0.114528 0.247485 1.65173 -1.03127 0.188124 
0.101607 0.28866 0.045451 -0.707472 -0.175507 -0.95457 0.481641 -1.58963 -0.0940502 -1.62629 -1.48605 -0.21509 1.67759 0.283406 -0.909673 0 -0.174579 -0.846495 0.396174 0.07696 0.100782 
-0.087887 -0.150934 0.675154 -0.782889 0.124447 -1.04178 0.825401 0.644058 -0.673775 0.315467 -1.0204 -0.619876 -0.387857 0.190772 -0.158157 0 0.125143 -0.839325 0.747611 -0.166955 -0.0885477 
0.251793 -0.448579 0.767315 -0.0941522 0.0390711 -0.872295 0.0120634 1.67308 -0.901027 -1.24431 0.166492 -0.81076 -0.326273 0.310247 0.293056 0 0.0326487 -0.363276 1.3311 -0.743249 0.257962 
-0.00206947 -1.15894 1.63464 -0.675219 -0.153224 0.380567 0.277773 1.94724 -1.29683 0.00291182 1.49269 -0.458127 -1.03934 0.0946171 1.46187 0 -0.150371 -0.579054 1.41632 -1.03678 -0.00483289 
0.0951378 -0.308723 1.31554 -0.994337 0.313413 0.922717 0.99837 0.673247 -0.0926482 1.30312 0.24507 -0.538526 -1.65394 0.202215 0.761067 0 0.352429 -1.36842 1.83716 -0.456265 0.0561279 
-0.316378 0.00821749 0.076171 0.368832 0.361844 0.651911 0.296239 -1.92393 -0.898025 1.07992 -0.58839 -1.15663 1.04067 0.39988 -0.785924 0 0.36305 0.384565 0.196239 -0.127584 -0.317407 
-0.131452 0.18771 0.228507 -0.400149 0.35954 -1.90166 0.458076 -0.257966 -1.08389 -1.49706 0.19887 -0.702755 -0.702762 1.18826 -1.33401 0 0.391517 -0.798906 0.94857 -0.133603 -0.163424 
0.254615 -0.706414 1.31859 -0.94934 0.228785 -0.742234 1.09063 1.32224 -0.620036 1.13439 1.14269 -0.264812 1.63834 0.807533 -1.19645 0 0.228236 -1.31933 1.95412 -0.971952 0.255109 
0.0858236 -0.72021 0.611542 0.300594 0.0240219 -2.07343 0.634064 1.50884 -1.02727 0.496987 0.250474 -0.47453 -1.28044 0.58295 -0.488186 0 0.0231622 0.19274 0.875848 -0.876662 0.086658 
0.188515 0.0316127 -0.0747467 0.355571 0.35166 1.91185 1.12628 0.921758 -0.450733 -1.1271 -2.04831 0.0320218 0.883305 0.918719 -0.724032 0 0.356997 -0.349858 1.45264 -0.790348 0.183597 
0.0389593 0.0351108 0.280032 -0.278642 -0.0304998 -0.0749619 -0.232678 1.00073 -0.477172 -1.17851 -2.00704 0.0125521 -0.0722766 0.631692 1.36331 0 -0.0306431 -0.30665 0.332723 0.0104284 0.0391025 
-0.25189 -0.954244 1.27365 -0.40974 -0.157635 -0.0771308 0.943691 0.265165 -0.510681 1.79206 1.20298 -0.0857742 0.847635 0.926093 -1.68062 0 -0.165617 0.104413 0.148452 -0.343201 -0.243955 
0.367086 -0.258994 0.669993 -0.647837 -0.144074 0.966989 1.27435 -0.151493 -0.181693 1.70706 0.210496 0.294953 -1.62326 1.53399 0.634665 0 -0.155276 -0.888212 1.16285 -0.511466 0.377816 
-0.290127 0.0581302 0.107279 -0.707431 0.371912 -0.886055 0.150248 -0.89699 -0.127409 0.433496 0.311649 0.211269 0.0180487 0.463895 -1.24434 0 0.373281 -0.735646 -0.021055 0.214679 -0.291194 
0.259857 0.0421752 -0.0771267 0.331549 0.244831 0.527161 -0.272368 -1.76346 -0.502061 -0.229912 0.751965 -1.20731 -0.421741 1.1818 -1.45498 0 0.24432 -0.384247 1.41825 -0.737405 0.260333 
-0.252771 -0.434198 0.636843 -0.381218 0.191784 -0.544611 0.0390628 -1.66456 -1.16812 0.252506 -0.665319 -0.370605 1.93618 0.538675 0.905066 0 0.188026 -0.289274 0.415007 -0.304305 -0.249098 
0.115343 -0.720404 0.63398 0.0235806 -0.135178 -1.28263 1.13708 -0.932275 -0.193465 -0.32683 -1.30046 -1.00766 1.40908 0.425923 0.7841 0 -0.133969 0.0595852 0.563149 -0.685577 0.114138 
-0.126477 -1.18259 1.56044 -0.561295 -0.0256587 1.15496 1.26642 -0.0129562 -0.257945 -0.718232 -0.693606 -1.27101 -0.217738 0.807158 -1.80391 0 -0.0277285 -0.489755 1.35082 -1.04451 -0.124461 
-0.283067 -0.987883 1.46191 -0.156493 -0.132571 0.43582 -0.194439 -1.23964 -0.164054 -0.480089 -1.68979 0.0326565 1.61088 1.48821 1.59492 0 -0.136677 0.139438 0.728601 -0.55051 -0.279271 
0.206708 -0.461842 1.0858 -0.839181 0.27096 1.69712 0.692252 -1.79878 -0.426182 -1.25717 -1.99905 -0.437974 1.75236 0.59679 0.931992 0 0.273992 -1.265 1.77753 -0.727753 0.203798 
0.272502 -0.759359 0.954228 0.0350033 -0.149522 0.380255 0.248937 -1.50109 -0.900207 -1.70233 -1.04874 -1.118 -1.59063 0.576168 -0.430913 0 -0.154635 -0.0891182 1.20125 -0.88226 0.2774 
0.32628 -0.385512 0.879637 -0.667651 -0.0954607 -2.07524 0.65629 -2.03297 -0.897466 1.39125 0.258003 -0.0443167 0.0196809 1.44911 0.510447 0 -0.109347 -0.883641 1.30984 -0.599707 0.339845 
-0.290923 -0.584683 1.84723 -1.19242 0.184605 -0.745184 0.200032 0.59789 -0.574093 -1.14099 -1.78582 -1.08939 1.50317 0.477432 -0.781912 0 0.169618 -1.09586 1.72643 -0.560446 -0.275998 
-0.221966 -0.990646 1.63634 -0.333829 -0.0908118 -0.370222 0.943313 1.39554 -1.0304 0.158219 -1.96395 -1.03575 -1.23847 0.783161 1.73936 0 -0.0934516 -0.151038 1.18161 -0.718713 -0.219525 
0.0323777 -1.00744 1.67655 -0.973268 0.287287 -1.9683 1.0204 -0.889869 -1.0434 -1.74347 1.33707 -0.250186 1.52728 0.618561 1.60612 0 0.291445 -1.19967 2.0605 -1.165 0.0285738 
0.162749 -0.0280258 -0.0127559 -0.404816 0.162513 1.36964 1.06149 0.483075 -1.11797 0.855756 -0.705401 0.000342519 0.667991 1.23912 1.42667 0 0.162511 -1.01408 1.11892 -0.550433 0.162751 
-0.275148 -0.772976 1.96176 -1.30178 0.212 -0.309282 0.870386 -1.03216 -0.352024 0.203825 -1.15543 -0.329644 1.90422 0.991321 0.220115 0 0.205254 -1.27002 1.88231 -0.725283 -0.268478 
-0.184504 -0.237731 0.91097 -0.46185 0.0777502 0.939092 0.106736 -0.167676 -0.842062 0.913076 -1.84676 -0.956941 2.0773 0.656946 -0.259009 0 0.0744415 -0.306816 0.645233 -0.127029 -0.181303 
-0.25874 -0.891535 1.67814 -0.506621 -0.196095 1.93693 0.587416 0.0339227 -0.689636 -0.892981 0.0316133 -1.1533 0.54561 0.0516572 1.15295 0 -0.198381 -0.189699 0.967456 -0.497779 -0.256586 
0.204734 -0.800888 0.740036 0.296921 0.089269 -1.00462 1.17217 -0.186718 -0.806039 -0.527955 -1.90711 -1.08185 0.0154522 0.325191 -1.31411 0 0.0863481 0.121932 1.25279 -1.13865 0.207515 
-0.312862 -0.663585 1.47106 -0.465543 -0.0305638 0.0983395 1.02454 -0.0860254 -0.40522 -0.362232 0.0338967 -0.221066 -1.40236 0.13083 0.385749 0 -0.0364664 -0.152018 0.866734 -0.372787 -0.307463 
0.339998 0.136526 0.131591 -0.211033 -0.00510967 -1.02514 0.494661 -1.61493 -0.536693 -1.80952 0.885831 -0.279096 -1.59555 0.127039 1.18771 0 -0.0357033 -0.764897 1.14585 -0.3239 0.370517 
-0.142848 -0.74356 1.12791 -0.639903 -0.242914 1.5069 1.16024 -0.740462 -0.77311 0.220673 -1.94963 -1.29532 0.191044 1.19472 -1.61048 0 -0.239359 -0.10084 0.0572592 -0.211973 -0.146236 
-0.366762 -0.190769 1.15526 -0.786175 0.284704 0.476929 0.122426 -0.0123211 -0.713459 0.7695 1.35768 -0.861727 1.52048 0.445367 0.0334583 0 0.277312 -0.685036 1.04211 -0.178761 -0.359544 
-0.10847 -0.472196 1.34747 -0.781611 0.367473 -0.179948 1.04526 -0.792469 -1.47687 0.600594 -1.79876 -0.285049 1.75673 0.719894 0.0616687 0 0.398112 -0.975495 1.70464 -0.635521 -0.138884 
0.192293 -0.937525 0.699966 0.409328 -0.151561 -0.38286 0.766177 0.286222 -1.38187 -1.67208 1.70084 -1.13715 0.063339 0.372608 1.46612 0 -0.153537 0.344081 0.830735 -1.00305 0.194221 
-0.108029 -1.00653 1.74258 -0.872406 0.396167 1.31394 0.285942 0.175273 -0.328386 -0.649422 -0.987956 -0.434171 1.71707 1.53682 0.745865 0 0.421502 -1.05782 2.07846 -1.15695 -0.132926 
-0.104794 -0.30028 0.936604 -0.716811 0.25358 0.0386096 -0.276592 1.45917 -0.108881 0.48184 1.37646 -0.560843 1.15983 0.695326 0.977093 0 0.266738 -0.880178 1.20639 -0.406694 -0.117886 
0.0522251 -0.361932 0.486177 0.401537 0.0308381 -1.76491 0.782673 -1.54205 -1.17819 1.26443 0.502124 -0.59814 -2.04098 0.57837 0.265006 0 0.0307899 0.287787 0.736143 -0.498148 0.0522632 
-0.288221 -1.08715 1.86174 -0.0481177 0.0707221 -1.10078 0.978168 1.15988 -0.589263 0.729502 -1.21166 -0.730111 1.64882 0.232558 -0.345822 0 0.0699529 0.115612 1.55252 -0.941658 -0.287811 
0.340501 -0.398144 0.35528 0.0543235 -0.00959231 -2.04881 1.13014 1.71588 -0.307232 -1.20186 0.631336 0.186112 1.80807 0.625365 -0.423632 0 -0.0448545 -0.3251 1.18497 -0.848421 0.375759 
-0.363939 -0.756314 1.00104 -0.473517 0.377658 1.70512 1.16808 -1.83246 -0.899689 0.778946 -1.39 0.0398996 -0.530291 0.879823 -1.30204 0 0.378718 -0.542658 1.04741 -0.733547 -0.364958 
0.0541588 -0.390491 0.706981 -0.0316197 0.177521 -1.89509 0.603661 1.32051 -0.524557 1.64053 -1.7823 0.101819 2.03024 0.688706 0.150044 0 0.17968 -0.239827 1.18483 -0.660133 0.0521362 
0.251653 -0.0446024 0.0530202 0.429352 0.00975068 -0.860547 0.980248 2.03015 -0.119498 1.07517 -0.917175 -0.814654 0.232716 0.837251 0.416952 0 0.00732044 -0.056896 1.02042 -0.525756 0.253734 
0.0227884 -1.09937 2.10298 -0.486048 -0.0619544 0.972484 0.339377 1.78799 -1.22018 -0.595681 1.62508 0.206758 -2.03517 1.12785 1.43329 0 -0.0618967 -0.500088 2.06962 -1.05197 0.0227455 
-0.196268 -0.632859 1.91254 -1.26868 0.214445 1.92227 0.423474 0.89273 -1.31081 1.0854 1.78191 -0.778883 -0.62089 0.860904 1.72714 0 0.217773 -1.28243 1.93378 -0.64035 -0.199595 
-0.00453562 0.215897 0.452307 -0.919511 0.0592176 0.225431 0.647121 0.885946 -1.42641 -0.800566 -0.970343 -1.12173 -0.976168 0.443824 0.16534 0 0.0595241 -1.01676 0.607488 0.157963 -0.00482669 
-0.364935 -0.783335 1.1494 -0.790597 0.053439 1.8955 -0.0119899 1.16732 -0.772294 1.34329 -0.903303 -0.318522 -1.56332 1.35461 -0.975536 0 0.0474196 -0.417115 0.3286 -0.336007 -0.359672 
-0.349529 -0.861159 1.50935 0.165654 -0.0170204 0.716708 0.149811 -1.3947 -1.41165 1.78423 0.0650433 -0.415109 1.80181 1.07716 1.1973 0 -0.0182794 0.449421 0.894988 -0.530565 -0.348914 
-0.143044 -0.883374 0.907837 0.268074 0.0586206 -2.05586 0.669961 0.791364 -1.43364 0.385525 0.152491 -0.850576 -1.38142 0.0373439 0.209686 0 0.057446 0.367287 0.690799 -0.765549 -0.141949 
0.2579 -0.567846 1.44179 -0.71781 -0.0839574 1.74912 0.446476 1.05848 -0.746349 0.295685 0.87727 -1.12359 -0.24228 0.285541 -0.184988 0 -0.0933609 -0.866196 1.67751 -0.655188 0.267116 
-0.366974 -0.583648 1.61252 -1.47329 0.140882 0.682504 1.1958 -1.58434 -0.255139 -1.80115 -1.77445 -1.10534 1.70324 0.682052 -0.703174 0 0.137235 -1.29511 1.25209 -0.401399 -0.3639 
0.0421279 -0.78545 1.74407 -0.504791 0.191981 0.55861 1.02833 -1.54964 -0.276928 -0.211796 -0.203483 -0.539602 -0.0379166 0.159795 -0.542212 0 0.19283 -0.579801 2.00923 -0.975599 0.0414402 
0.210984 -1.0416 0.924824 0.27886 -0.179713 -1.51306 1.02436 0.74783 -0.930077 1.71856 -0.381688 -1.18225 -0.0591143 0.431848 0.737578 0 -0.181549 0.228884 1.01662 -1.08343 0.21278 
0.344701 -0.573934 1.102 -0.486426 0.0424564 -1.59785 -0.0588031 -1.55469 -0.653995 0.103448 -0.41076 -1.10707 -0.0822939 0.997334 0.0510392 0 0.00315368 -0.775238 1.68587 -0.869025 0.383948 
0.261835 -0.388079 1.22827 -0.590443 0.0511307 0.619564 -0.250083 -0.749065 -0.326555 -1.67086 1.65543 -0.616536 1.03652 0.862892 -0.714697 0 0.0455474 -0.86095 1.6785 -0.56781 0.267136 
-0.198819 -0.534019 1.25185 -1.23627 -0.0768354 -1.29214 1.04731 0.485574 -0.982238 1.63036 -1.293 -1.11018 1.64708 1.20952 1.75821 0 -0.0778248 -0.924635 0.701228 -0.295037 -0.198027 
-0.300549 -0.147896 0.815174 -0.638338 0.135483 -1.53777 0.111429 -1.85077 -0.326579 -0.65739 0.108079 -0.0279725 -1.66176 0.608619 0.901371 0 0.117825 -0.305755 0.203215 0.131476 -0.282901 
0.270974 -0.652549 1.10503 -0.499334 0.168459 1.46177 1.24412 -1.47123 -0.302523 1.70022 0.593996 -0.154647 1.46017 1.03123 1.39981 0 0.153156 -0.803861 1.75802 -1.00101 0.286249 
-0.333782 -0.836244 1.9143 -0.886505 0.238137 0.777221 0.511664 -1.82956 -1.4671 0.0244577 -0.958907 0.19901 -2.08423 1.5241 0.521163 0 0.231646 -0.784406 1.80053 -0.824578 -0.327491 
-0.100901 0.294047 -0.0581923 -0.523699 0.406789 -0.290168 0.752152 -0.269836 -0.366104 -0.60523 -1.3898 -0.747297 0.388943 0.212496 -0.950734 0 0.417589 -1.14295 0.962663 -0.107544 -0.110983 
0.121073 -0.269228 0.334463 -0.589776 -0.00793788 -0.658695 -0.0911354 0.0952092 -0.0630974 0.634362 1.31085 -1.30968 -0.0713405 1.20046 -1.31287 0 -0.00838625 -0.792567 0.750366 -0.48234 0.121432 
-0.326502 -0.17994 1.14621 -1.41314 0.168881 -0.634172 1.25877 0.102651 -0.416719 0.166199 -0.448871 0.313759 1.51823 0.32117 1.1783 0 0.166467 -1.21217 0.747498 0.0177958 -0.324477 
-0.217001 -0.605773 1.6694 -0.837891 -0.149347 0.662209 0.0863992 1.18028 -0.991635 -0.563488 0.0768986 0.204096 -1.89323 1.47938 1.46632 0 -0.152004 -0.528113 1.11425 -0.360396 -0.214446 
-0.241738 -0.540849 1.16881 -1.08983 0.12724 -1.02387 1.08916 -0.683713 -0.946688 1.59691 -0.694906 -0.460886 1.62429 1.1602 -1.72201 0 0.125762 -0.988708 0.914147 -0.3873 -0.240496 
-0.0430075 -0.599787 0.694419 0.25231 0.331011 -0.503365 1.04966 0.781685 -1.50484 -0.523665 -0.361414 0.0784499 1.28387 1.02093 -1.72341 0 0.336193 0.112773 1.17065 -0.936487 -0.0476698 
-0.320055 -0.0010405 0.390367 -0.441203 0.409574 0.546456 0.110176 -0.563532 -0.158543 -0.229363 0.944696 -0.452828 1.14316 1.16907 0.605908 0 0.425587 -0.606203 0.678177 -0.123844 -0.336037 
-0.304377 -0.935176 1.53659 -0.910974 -0.222254 0.513103 1.32086 1.05586 -0.307458 1.7115 1.60182 -1.0545 -1.05179 1.51746 0.737453 0 -0.225437 -0.380988 0.471624 -0.400194 -0.301411 
0.179946 -0.325434 0.674355 0.298349 -0.0766254 1.44248 0.222814 1.19716 -0.338063 -1.64656 0.791367 -0.578563 -0.711755 0.0486599 0.0707694 0 -0.0771284 0.12485 0.964198 -0.441779 0.180292 
-0.343312 -1.111 1.36208 -0.0832187 -0.0640694 0.200714 0.39653 0.0573179 -0.353006 0.432022 -0.41095 -1.11761 -1.70539 0.655259 1.44071 0 -0.0809063 0.218025 0.587172 -0.637359 -0.326831 
0.25622 -0.364968 0.503457 -0.014231 0.128411 1.53103 1.23552 1.4497 -1.03524 1.31683 0.874385 -0.576928 1.50678 1.21631 0.260179 0 0.118783 -0.402374 1.34023 -0.813605 0.265732 
0.132806 0.0144051 0.619013 -0.871893 -0.182348 0.242549 0.72873 1.04805 -0.746105 0.685672 0.790508 -0.848989 0.207786 0.988507 1.27898 0 -0.180792 -0.792533 0.51739 0.0366683 0.131317 
-0.0639776 -0.386367 0.286517 0.21404 0.291937 1.69354 0.414909 -1.73197 -0.841499 -0.919282 0.680613 -0.802819 -1.75699 0.438536 -0.433275 0 0.308431 -0.076755 0.95247 -0.76154 -0.0803056 
-0.11475 -0.926638 1.2071 -0.139338 0.200709 0.026442 1.14668 1.96072 -0.675502 -1.42022 -0.706303 -0.309347 1.2142 1.0807 -1.6756 0 0.205503 -0.164064 1.32097 -1.01578 -0.119465 
-0.10729 0.323395 0.234912 -1.05382 0.303147 -0.261067 1.04788 0.475333 -0.982615 1.52662 -0.854774 -0.277743 -0.927182 1.41583 0.249561 0 0.304821 -1.32899 0.579604 0.253871 -0.108591 
-0.218583 -0.277644 1.14186 -1.06744 0.389643 -0.235826 1.0771 -2.07234 -0.976106 -0.306159 -0.41707 -1.24135 -2.04665 0.38162 1.08961 0 0.401315 -1.24736 1.34928 -0.305126 -0.229859 
-0.0763285 -0.610318 0.831732 -0.222455 -0.168017 0.840264 0.451204 -0.662544 -0.391804 1.26149 -0.365503 -1.22211 -0.0972104 0.560485 1.51093 0 -0.162607 0.176648 -6.54278e-05 -0.177571 -0.0817144 
-0.0170254 -0.876108 1.93976 -0.529847 0.180393 -0.174191 1.06072 0.656007 -0.0942151 -0.724589 0.779971 -1.32164 -0.516697 0.20322 0.0786996 0 0.180913 -0.535211 2.10328 -1.03427 -0.0174026 
0.165789 -0.601003 0.712184 0.121782 0.0112827 1.14874 0.612574 -1.09829 -1.15824 -1.60313 1.20078 -0.661226 0.0816578 0.48035 -0.025686 0 0.00857671 -0.0463643 1.09495 -0.815625 0.168379 
-0.000254519 -0.306673 0.793356 -0.857019 -0.198163 1.12761 0.561339 -1.81185 -0.440526 -0.710786 0.285642 -0.554721 -0.901397 1.53027 0.483999 0 -0.196014 -0.490164 0.152848 -0.0330187 -0.00218849 
0.228238 -0.490267 0.444025 0.0168251 0.298723 -0.974438 0.00980051 -0.117911 -0.552717 1.57054 -0.462653 -0.466416 -1.24656 0.251054 0.533693 0 0.311268 -0.434975 1.50471 -1.09915 0.215701 
0.0648741 -0.154366 0.875133 -0.678967 0.235729 -1.40497 0.24722 -1.54766 -0.309378 -0.849306 -1.98881 -1.10501 0.780841 1.51469 -1.69021 0 0.251631 -0.994549 1.40263 -0.366292 0.0489936 
-0.0186672 -0.341398 0.210349 -0.380411 0.407756 1.62595 0.0119168 1.32855 -0.989975 -0.180177 0.293561 0.0811655 0.00298961 1.29511 -0.113792 0 0.41259 -0.965305 1.2284 -0.774551 -0.0225481 
-0.0236193 -0.597435 1.08806 -0.767517 0.395082 1.74662 0.393968 -2.01162 -0.630562 -1.43787 0.334545 0.277316 -2.01053 1.07124 -1.21991 0 0.406135 -1.10856 1.63657 -0.804889 -0.0339723 
0.0315069 -0.470834 0.702019 -0.0479584 -0.112961 -0.723482 0.666833 -0.158381 -0.33322 -1.33402 -1.31578 -0.790821 1.00576 1.35253 0.550505 0 -0.111351 0.0734897 0.432747 -0.32301 0.0299367 
-0.113407 -0.870056 1.00404 -0.281568 0.0546414 -1.75856 0.736128 -2.02509 -0.643217 1.31145 -0.633343 -0.38708 -0.149173 0.220806 0.128821 0 0.0529979 -0.239951 0.890981 -0.798615 -0.11179 
-0.185921 -0.506729 1.32721 -0.828561 -0.0871284 0.687952 0.108639 -0.865632 -0.697033 0.011106 -0.0357452 -1.04615 0.481591 0.816333 -0.856734 0 -0.0943736 -0.5396 0.802532 -0.271014 -0.178676 
-0.0382898 -0.831366 0.92801 0.365452 0.11736 0.544223 0.117108 1.56788 -0.27599 -0.62636 1.44026 -0.813804 0.553404 0.846024 0.0715516 0 0.117688 0.362164 1.01526 -0.915332 -0.0385578 
0.0307172 -0.676044 1.06365 -0.085736 0.32761 -0.971293 0.518744 -0.420582 -0.800728 -0.0532076 -1.15928 -0.0229376 -1.75286 0.106982 -0.837986 0 0.333828 -0.242013 1.56776 -1.02389 0.0249834 
-0.224785 -0.874343 1.12053 0.278437 0.189752 -1.03523 1.05374 -0.460131 -0.796537 -0.510618 -0.221428 -0.0639518 0.180357 0.766063 -0.489659 0 0.189441 0.407035 0.944865 -0.827278 -0.224546 
-0.0832229 -0.254606 0.738584 -0.331258 0.156522 -0.619698 1.17764 0.811327 -0.670959 -1.52143 0.922394 -0.97065 1.84281 0.773382 -1.26332 0 0.159355 -0.413569 0.917588 -0.351299 -0.0860069 
0.188286 -0.825175 1.89304 -0.960361 -0.0285427 -0.744896 0.209701 -0.643758 -0.0805163 1.17383 -1.72882 -0.208224 0.907196 0.383928 -0.0914363 0 -0.0365737 -1.07605 2.07842 -0.894878 0.196231 
0.230211 -1.08729 1.87063 -0.517531 -0.10775 1.65818 1.06954 -1.94639 -0.626273 -1.69205 0.979743 0.17813 0.288292 0.947857 0.734077 0 -0.110309 -0.603037 2.02256 -1.15372 0.232601 
-0.107006 -0.0997281 0.260254 -0.896617 0.289732 -2.06869 -0.239875 -1.00974 -1.36194 1.05286 -1.73751 -1.08538 0.966413 0.893546 -0.122841 0 0.290691 -1.19664 0.651425 -0.190881 -0.10756 
-0.0537702 -0.739387 0.962051 -0.43416 -0.168082 0.274305 0.728918 -1.53474 -0.257643 -0.0321456 -0.346158 -1.11875 -1.11675 0.919779 0.472928 0 -0.165076 -0.0635319 0.209691 -0.357655 -0.0566803 
-0.0282594 -1.15456 1.75362 -0.0691465 -0.227695 1.35259 0.349718 -1.70383 -1.52597 -1.41076 -1.63984 -0.620295 0.484284 1.0965 1.12198 0 -0.226626 -0.0529149 1.49467 -0.911837 -0.0290729 
-0.186754 -0.189643 0.499752 -0.733854 0.251213 -2.08287 0.70335 -0.322185 -0.296194 -1.49749 0.645167 -1.21605 0.87582 1.0515 1.6666 0 0.252395 -0.846536 0.615305 -0.192513 -0.187778 
0.247055 -0.461071 1.37326 -0.530318 0.119003 -1.15476 0.374613 0.25219 -1.3132 1.20853 1.84082 0.0927213 2.02041 1.0656 -0.0113963 0 0.11718 -0.807174 1.8594 -0.670356 0.248654 
-0.243022 -0.135811 0.148494 0.169982 0.400738 -0.240013 0.938435 -1.77851 -0.188395 0.424566 -1.32924 -0.628391 0.892434 0.366578 -1.29205 0 0.414446 -0.0939552 0.751834 -0.475231 -0.256392 
0.216364 -0.169748 0.239433 0.345047 -0.063328 -0.454573 0.987289 0.443858 -1.03147 0.533478 -1.96997 -0.662975 -0.868526 1.42588 -0.461897 0 -0.0651924 0.0357605 0.830211 -0.45124 0.21799 
-0.0741782 -0.012229 0.333336 -1.08451 0.153924 0.153501 -0.0238349 -0.560959 -0.278348 0.637458 0.293773 -0.632228 -0.216485 1.17466 -1.31392 0 0.15413 -1.1857 0.42309 -0.000794461 -0.0742878 
0.0902028 -0.616274 1.18709 -0.604698 0.106353 -0.74828 0.773805 -1.51694 -0.675485 0.175598 -0.265929 -0.193357 -0.559709 1.31844 -0.726816 0 0.107366 -0.762126 1.49836 -0.770114 0.0891901 
0.277651 -0.731555 1.23822 0.0167638 0.0320662 1.65229 0.952412 -0.671773 -1.17095 -1.00853 -1.32677 -0.940321 0.962771 0.894543 0.726812 0 0.0305482 -0.169863 1.67805 -0.984762 0.278809 
-0.0813298 0.485078 -0.0678717 -0.584887 -0.0155746 0.568145 -0.205179 1.97907 -0.877189 -0.364054 1.32473 -1.13215 1.54591 1.39851 1.26798 0 -0.0165362 -0.658281 0.127954 0.362647 -0.0803895 
-0.0281213 -0.243434 0.663843 -0.804197 -0.109528 -0.334771 -0.277949 0.635403 -1.42283 1.25785 1.30209 -1.27234 1.49746 0.309209 0.930738 0 -0.10894 -0.597855 0.307084 -0.0930175 -0.0286463 
0.382974 -0.460719 1.07552 -0.813601 0.206791 -0.976271 -0.124868 -1.10338 -1.18799 -0.067557 0.450151 -0.690568 -1.17828 0.956497 -0.171533 0 0.195747 -1.3089 1.90655 -0.796432 0.393639 
0.0169491 -0.598229 1.25338 -0.521627 0.0313452 -0.343014 1.22544 -0.974569 -0.878614 -1.42774 0.901242 -0.00169855 0.5917 0.555803 1.44746 0 0.0314737 -0.559792 1.33208 -0.638767 0.0168224 
-0.0865431 -0.271998 0.891505 -1.1851 -0.132398 0.728488 0.897135 -0.110122 -0.521737 -1.09652 1.44431 -0.743737 0.723649 0.226638 -0.919676 0 -0.132147 -0.792998 0.219639 0.00776724 -0.0867344 
-0.364589 -0.349986 1.20639 -0.586636 0.0994655 -0.240123 0.922425 1.42423 -1.46454 0.317562 0.715465 -0.432637 -0.465359 1.08683 -0.575193 0 0.0886676 -0.261105 0.65705 -0.126191 -0.354352 
-0.056999 0.623843 -0.0638215 -0.928119 0.197882 -0.155642 0.63644 -1.09948 -1.51751 0.457282 -1.82291 -0.450237 -1.44916 0.506465 -0.0771812 0 0.199182 -1.2781 0.496431 0.413576 -0.058138 
-0.31316 -0.77785 1.21626 -0.751588 0.211347 -0.91994 0.131308 -0.229739 -0.117186 1.60366 0.894914 0.11782 -2.04527 0.581233 1.79428 0 0.207692 -0.70695 1.03658 -0.642804 -0.309769 
0.190409 -0.030709 0.187303 -0.228631 -0.0181769 0.468105 0.0298852 0.982255 -0.561764 -1.71898 1.98004 -0.641607 2.03964 1.16305 1.00367 0 -0.0266443 -0.569149 0.848092 -0.350978 0.198844 
-0.310548 -1.03903 2.06542 -1.02742 -0.178851 -1.88505 0.43751 -1.40488 -1.31604 -0.50804 -1.6305 -0.156091 1.43168 0.0356563 -0.625087 0 -0.199778 -0.714106 1.44258 -0.729498 -0.28962 
0.0194812 -0.184129 0.44619 0.261934 0.310113 -1.46538 0.122013 0.989218 -1.32625 1.06188 -1.49911 -1.20593 0.254637 0.742627 0.949338 0 0.312611 -0.0183225 1.16254 -0.620224 0.0175168 
0.137707 -0.143982 0.756842 -0.92107 0.00252387 -0.322218 -0.110746 -0.594539 -0.532635 -1.1239 -1.19803 -0.413498 -1.3375 0.412197 -1.78324 0 0.00129302 -1.09465 1.0615 -0.275069 0.138846 
0.16445 -0.239265 0.833154 -0.3701 -0.176107 1.70015 0.384103 1.54061 -1.13604 -0.349402 -0.615932 0.277584 -1.43141 1.34864 1.34164 0 -0.175669 -0.372254 0.79835 -0.202307 0.164029 
0.105593 0.101034 0.475748 -0.681779 0.376496 2.07635 0.81473 2.01441 -0.977461 0.557363 -0.998053 -0.983976 -1.60463 1.23797 0.164368 0 0.406482 -1.27506 1.39885 -0.228742 0.0758846 
0.0418141 -0.414476 0.807518 -0.841912 -0.214406 1.97862 0.712786 0.75715 -0.823658 -1.31998 1.12967 -0.50665 1.27797 0.905085 0.587036 0 -0.212565 -0.486584 0.195269 -0.157555 0.0402392 
-0.155361 -1.0488 1.67176 0.341834 -0.221494 0.679719 -0.119534 1.60828 -0.433992 0.955291 0.171703 -1.19878 1.96182 1.28338 -0.668925 0 -0.221347 0.379192 1.30839 -0.722793 -0.15539 
-0.120248 0.293617 0.121409 -0.378244 0.413961 0.457942 0.597579 2.05674 -0.235804 1.53104 -2.03565 -1.32644 -1.23852 1.2522 1.68455 0 0.458723 -0.893758 1.04328 -0.112779 -0.164963 
0.165031 -1.17467 1.59194 -0.00799929 -0.22703 -1.48302 -0.187756 -1.46257 -1.29534 0.155898 -0.00110032 0.278171 -0.23263 0.875858 -0.145432 0 -0.226276 -0.0715895 1.58074 -1.09988 0.164389 
-0.159851 -0.462811 0.45754 -0.324784 0.274224 1.24279 0.0127536 -0.847778 -1.07545 -0.0410767 1.42345 -0.344427 -1.26641 0.467251 1.34924 0 0.277487 -0.54068 0.816429 -0.605802 -0.162855 
0.192895 -0.677017 1.37651 -0.222981 0.358681 0.804035 1.1216 0.907552 -0.194937 -0.0444083 -0.615952 -0.83885 -1.10781 0.0488024 0.368669 0 0.36048 -0.407518 2.02411 -1.14008 0.19149 
0.0813319 0.119173 0.571199 -0.764718 0.326293 0.584696 1.10688 -0.57882 -0.532696 -1.15949 -0.990679 -0.615686 -0.468563 1.08911 -1.53187 0 0.354626 -1.26193 1.32859 -0.140974 0.0531301 
-0.164532 -0.242878 0.354298 0.426936 0.212701 1.88402 1.13902 0.514187 -0.150187 -0.402828 0.408149 -0.0954285 1.37088 0.483057 -1.10956 0 0.213194 0.462873 0.391654 -0.316171 -0.164918 
-0.264788 -0.0906351 0.452419 -0.257661 0.331812 2.05891 0.653396 1.82929 -0.783262 0.51803 -1.58536 -1.12808 1.50725 1.19214 1.59981 0 0.339762 -0.362172 0.684464 -0.218173 -0.272675 
-0.215485 -0.246054 0.486457 -1.01856 0.116715 1.56366 1.27394 0.0577189 -0.227761 -1.42455 0.0480107 -0.407541 0.109267 0.298354 0.358832 0 0.116268 -0.811114 6.99673e-05 0.0328725 -0.215166 
0.0514658 -0.631641 1.52761 -0.84423 0.408989 -1.70351 0.309348 -0.232826 -0.817495 -1.05138 0.80719 0.0185149 -1.42868 0.523571 -1.71793 0 0.472484 -1.16653 2.08707 -0.868913 -0.0118691 
-0.385573 -0.788188 1.58477 -0.437254 0.246252 -0.460164 0.100639 -1.01346 -0.163595 0.2696 -0.428645 0.268881 1.61068 0.998545 1.18998 0 0.241951 -0.270137 1.36283 -0.733371 -0.381702 
-0.0471864 -0.231449 0.926171 -0.639411 0.196598 1.16496 0.607937 -0.444889 -0.461029 1.18349 0.932267 -0.809188 -1.87109 1.23226 0.0784924 0 0.206528 -0.797385 1.20983 -0.357142 -0.0570927 
-0.332406 -0.718512 1.05421 0.0171199 0.306462 1.23302 -0.226572 -0.772725 -1.32581 -0.300175 1.09605 -0.648593 -0.29589 1.31437 1.63821 0 0.305604 0.138008 0.917848 -0.703039 -0.331629 
0.232266 -1.05702 1.63589 -0.282086 -0.110419 0.561337 0.10783 0.820439 -0.547152 -0.671488 -0.525596 -0.850021 -0.160831 0.435935 -1.32202 0 -0.11271 -0.368563 1.8036 -1.13826 0.234376 
0.0175009 -0.523936 0.723586 0.189589 0.0808609 0.944911 1.15131 -2.08469 -0.406887 0.52807 0.282067 0.158242 -1.29388 1.41421 1.01058 0 0.0811429 0.108459 0.932604 -0.651824 0.0172522 
-0.258688 -0.782724 1.01683 0.0087406 0.406624 -0.320022 1.2312 -0.101437 -1.36791 -0.221369 0.966272 -0.382659 -0.0503335 1.52664 0.398228 0 0.415298 -0.003276 1.18881 -0.942694 -0.26695 
0.150343 -1.0709 1.54469 -0.748582 -0.0860226 -1.38749 0.288824 1.10733 -1.52708 0.399626 0.855127 -0.382671 -1.60211 0.515978 -0.819561 0 -0.0871567 -0.757894 1.62231 -1.13921 0.151407 
0.274937 -0.0174566 -0.0751258 -0.436867 0.00970348 -1.08341 1.19357 0.933686 -0.718204 0.978669 -0.575326 -0.296577 1.42519 0.590961 -1.06182 0 0.00761386 -1.01022 1.06539 -0.584615 0.276591 
0.362157 -0.770046 1.16699 0.475831 -0.0788304 0.702859 1.08999 0.270646 -0.390209 -1.02418 -1.98667 -0.707836 -1.3331 0.566657 -1.7997 0 -0.0795245 0.233007 1.64087 -1.0011 0.362344 
0.0639263 -0.14918 0.58552 -0.101471 0.302439 -1.90044 1.22783 -0.0655307 -0.822738 -1.67139 -0.234478 -0.966127 1.60813 0.532217 -1.05433 0 0.307514 -0.456745 1.34359 -0.551979 0.0592927 
-0.275971 0.0731716 -0.0874072 0.35986 0.232513 1.12727 0.723799 0.584605 -0.350752 1.39176 1.76864 -0.926073 1.04864 1.40244 0.0149805 0 0.231162 0.341536 0.025475 -0.021387 -0.274736 
0.369359 -0.379912 0.581374 0.0279251 -0.193396 1.22092 0.898541 -0.554842 -0.799437 -0.465052 -1.81698 -1.29347 -0.892454 0.0464881 1.09165 0 -0.20365 -0.214014 1.0271 -0.583715 0.379213 
-0.159008 -0.3782 0.384128 -0.232938 0.166237 -0.447873 0.322288 -1.95739 -1.24068 -0.143998 0.160749 -0.878167 0.77721 1.25716 -0.24734 0 0.166495 -0.274632 0.430459 -0.382837 -0.159256 
0.307648 -0.535654 1.02009 -0.12639 -0.0425686 -0.0583194 0.56623 1.9406 -1.43043 -0.76323 -1.96565 -0.639349 1.31649 1.1629 -0.162554 0 -0.047078 -0.358408 1.46651 -0.750058 0.3117 
-0.103927 0.0904428 0.779078 -1.13766 0.175747 -1.48282 -0.15426 -1.59083 -0.910373 -1.51076 1.17807 -0.707661 -0.454239 1.53837 0.768907 0 0.177244 -1.22024 0.865839 0.0862663 -0.105335 
-0.301553 -1.08462 0.968397 0.224917 0.304665 2.0472 0.257014 0.213151 -0.660864 0.640429 0.0347651 -0.511752 1.24093 0.977253 -1.76211 0 0.305083 0.259591 0.929964 -1.08086 -0.301967 
0.297841 0.0392294 -0.00458348 0.0429842 0.206633 -1.50778 1.10224 -0.429864 -0.0573284 -1.39938 1.22406 -0.426483 2.02744 0.121761 0.500656 0 0.194803 -0.689313 1.43196 -0.665021 0.309616 
0.250779 0.198331 0.313079 -0.765379 -0.200286 -0.656721 0.745823 -1.38282 -1.36356 -0.664095 -0.596979 -0.774363 -0.30774 0.332414 -1.18639 0 -0.202323 -0.90242 0.611253 0.0371996 0.252715 
-0.32942 -0.914661 0.965621 0.120831 0.311272 -1.9336 0.0802501 1.87311 -0.194135 -0.239085 0.677233 -0.712712 -0.779481 1.08317 1.72928 0 0.309619 0.18945 0.871482 -0.889142 -0.327805 
0.251832 -0.535283 0.696113 0.0458748 0.199869 -0.815223 1.14451 -0.251028 -1.00746 0.890948 1.33488 -0.683401 0.959401 0.22344 0.617332 0 0.197297 -0.279728 1.49941 -1.01298 0.254313 
-0.191831 -0.504437 0.75256 -0.303917 0.3508 -0.828452 0.132495 1.26013 -0.317263 -0.593397 -0.101396 0.16808 1.35517 0.885113 -1.01449 0 0.373098 -0.476124 1.09226 -0.67192 -0.214077 
0.199694 -0.410257 0.0619251 0.159211 -0.173467 -1.07691 0.257618 -0.884963 -1.3806 1.32633 -1.84976 -0.899631 0.434724 1.247 0.202208 0 -0.174758 0.0861049 0.246022 -0.521248 0.200952 
-0.183648 -0.846683 1.77046 -0.747933 -0.185351 -1.75899 0.965385 -1.0165 -0.580457 1.28344 0.885112 0.207818 1.51173 0.715016 0.876948 0 -0.185262 -0.491895 1.24308 -0.575341 -0.183735 
0.186742 -0.679903 1.68281 -0.760826 0.0843968 2.03773 1.24756 0.0802338 -0.12517 0.229017 0.598082 0.183705 1.97305 0.101453 0.632643 0 0.0822383 -0.950114 2.01361 -0.821414 0.188787 
-0.0644188 -0.117117 0.417991 -0.365923 0.0358491 -0.763835 0.300951 1.02594 -1.49711 -0.612864 0.45654 -1.3053 1.96719 0.634197 1.01907 0 0.0351991 -0.279016 0.246911 -0.0329438 -0.0637708 
-0.14105 -1.07931 1.53483 0.309326 0.15145 1.49845 1.02059 -1.75682 -1.28925 -1.06609 0.970392 -0.703802 0.0117921 0.472554 -1.14504 0 0.15147 0.416954 1.43855 -1.09066 -0.141057 
-0.314378 -0.754763 0.629522 0.186908 0.281728 1.88733 -0.257498 1.17054 -0.600543 0.647308 1.72993 -1.00179 1.79751 0.498704 -1.26595 0 0.276785 0.252417 0.502273 -0.693023 -0.309449 
-0.143969 -0.217328 0.805305 -0.51946 0.347837 -1.16623 0.619198 1.84964 -0.913713 -1.49684 -1.40311 -1.1229 2.03154 1.2125 -0.634975 0 0.373359 -0.731866 1.20834 -0.407978 -0.169399 
0.362192 -1.07659 1.04747 0.382796 -0.278749 -1.17419 0.795911 1.00815 -0.440789 -0.8984 -0.11044 -0.828677 -2.04922 1.24446 0.439274 0 -0.280793 0.244117 1.28375 -1.17419 0.364007 
0.119861 -0.23237 0.565394 -0.992152 -0.204769 0.632707 1.00046 1.51452 -0.557255 1.29054 0.0864875 0.118555 -1.83124 0.938815 -1.63765 0 -0.204224 -0.846315 0.403355 -0.216169 0.119488 
-0.0442375 -0.498716 0.792256 -0.680231 -0.0215818 -0.0909442 1.02503 0.208006 -0.758374 -0.871688 0.198237 -0.339981 -1.6853 0.916096 1.22309 0 -0.0216602 -0.584947 0.60588 -0.407624 -0.0441677 
-0.315705 -0.229644 0.794081 -1.3702 0.285114 -1.80399 0.743327 0.304305 -0.522652 -1.0841 1.83269 -0.182143 1.81952 1.21187 -0.884049 0 0.284945 -1.11068 0.105967 0.19895 -0.315625 
0.0498994 0.2129 0.251533 -0.53846 0.129675 0.805501 0.907926 1.37952 -0.324373 -1.16515 0.708744 -0.228109 -0.404863 1.2044 -0.176662 0 0.133259 -0.879112 0.849797 -0.0447115 0.0463304 
-0.104575 0.0961008 0.457283 -0.420613 0.30673 -0.595419 0.51236 0.167393 -1.02277 -1.64277 -1.64542 -0.620291 -1.53445 1.40503 0.808624 0 0.321715 -0.71119 1.00304 -0.15909 -0.11936 
0.0798192 -0.630342 0.964183 -0.648193 0.296148 0.953808 0.570379 1.6717 -0.505852 -1.54399 -0.718026 -0.813335 -0.482576 1.2297 1.15869 0 0.301061 -0.984276 1.57556 -0.905637 0.0752973 
-0.11052 -0.592617 1.42158 -0.671718 0.310739 2.0512 0.650081 1.82144 -0.82386 0.512166 0.578847 -0.491511 -0.795954 0.662729 -0.93149 0 0.323907 -0.792063 1.69538 -0.746082 -0.123417 
-0.131692 0.130633 -0.00363348 -0.440141 0.230458 0.603469 0.298227 -1.5048 -1.00214 1.76092 0.352888 -0.160911 -0.0255474 0.375263 1.10493 0 0.232918 -0.759286 0.543863 -0.0977185 -0.133973 
0.33568 -0.468839 0.803606 0.251678 0.137832 -1.84842 0.718567 -0.0903845 -1.46106 0.485441 1.64417 -1.03449 -0.821805 0.266189 -0.188395 0 0.136283 -0.0648268 1.57136 -0.920088 0.33678 
0.211697 -0.701314 0.530956 0.241431 -0.262253 -0.705643 -0.148702 -1.83262 -0.614042 1.81254 -0.0281598 -0.489912 -1.88066 1.01204 1.33376 0 -0.25645 0.304256 0.370265 -0.603449 0.205917 
-0.290041 -0.994659 1.80889 -0.572456 -0.119183 -0.367274 0.378522 -0.580009 -1.0115 -0.599668 -1.30534 -0.423323 0.308404 0.468022 1.19676 0 -0.125825 -0.323045 1.23885 -0.674038 -0.283698 
-0.211688 -0.813774 1.16221 -0.238463 -0.124068 0.988115 0.436841 -1.97145 -1.26981 -0.886076 0.278738 -0.802754 -0.566065 0.622934 1.45083 0 -0.129803 0.20194 0.204945 -0.296913 -0.206003 
-0.00145319 -0.328406 0.398416 -0.119085 -0.0375721 -0.0783222 1.31091 0.884995 -1.29429 0.707078 -1.63823 -0.384422 -1.72958 0.406222 0.882185 0 -0.0372429 0.0459027 0.0699509 -0.164928 -0.00178186 
0.210499 -0.361231 0.325642 -0.0791489 -0.0396727 0.647067 0.579439 0.550355 -0.812599 0.501734 1.25527 -1.08952 -1.04889 0.166259 -1.32176 0 -0.0480344 -0.338005 0.876196 -0.652925 0.218779 
-0.299904 -0.727187 1.50358 -1.11955 -0.00395454 -1.07153 0.359091 0.279527 -1.18584 -1.4723 0.25025 -0.0973676 -1.06225 0.0984183 -1.49738 0 -0.00923405 -0.858427 0.998103 -0.482821 -0.295087 
-0.180817 -0.561664 1.28583 -0.677191 0.185227 2.05108 0.33253 0.592901 -0.0536565 -0.294718 -2.06691 -1.21658 0.441358 1.31697 1.42401 0 0.185684 -0.675993 1.29356 -0.57059 -0.181274 
0.22203 -0.243104 0.0680783 -0.127887 -0.141397 -1.77365 0.359393 1.82943 -0.81518 -1.17151 0.350423 0.0502776 -0.927694 1.16476 1.53794 0 -0.143631 -0.340649 0.54685 -0.509113 0.224117 
-0.0713986 -0.910488 1.56142 -0.44602 0.373226 -0.734165 0.802363 0.180795 -1.41085 0.977565 -1.44187 -0.390935 -0.837652 1.30841 -0.896633 0 0.386563 -0.526763 1.90562 -1.17397 -0.0842215 
0.0603507 -0.175592 0.297638 0.402469 0.389675 -1.73439 1.2502 -0.538929 -0.835841 -0.354884 0.555643 -0.214458 1.06554 0.273369 0.322479 0 0.393162 0.0330849 1.26639 -0.774961 0.0576425 
-0.231086 -0.191824 0.999408 -1.07576 0.211683 2.01081 1.10095 -0.289449 -0.0797714 -1.56069 1.58003 -0.79413 0.457421 1.25083 -0.226549 0 0.210992 -1.05442 0.908614 -0.122373 -0.230434 
-0.382009 -0.7816 1.55989 -1.14686 0.397483 0.235122 0.932183 1.89406 -0.0407789 -0.972962 -0.179887 0.0834719 1.69526 0.766185 0.0171052 0 0.398007 -1.23102 1.53707 -0.674628 -0.382477 
0.233358 0.115004 -0.0127158 -0.524286 0.0795008 -0.500493 1.27045 -0.65227 -1.05378 0.0515764 -0.292646 -0.894281 0.375427 1.11389 0.234842 0 0.0776554 -1.1253 1.09619 -0.392888 0.234948 
-0.18205 -0.530633 1.4742 -0.719843 -0.240845 -2.04763 1.27845 0.987064 -1.15428 -1.07201 -1.95309 -0.998768 -0.956732 0.40154 -0.416915 0 -0.238097 -0.291499 0.662456 -0.147231 -0.184698 
-0.184795 -0.110521 0.666463 -0.802342 0.151691 -0.0726855 0.00709567 -2.08324 -1.14088 1.37185 -1.59329 -1.2066 0.65483 0.641256 -1.40852 0 0.150618 -0.740105 0.515871 -0.0221664 -0.18377 
-0.0585385 -0.566728 1.02216 -0.587431 0.347579 -0.559107 0.503022 -0.151574 -0.502777 1.65481 0.000896201 -0.229288 0.76424 0.644329 0.113961 0 0.369474 -0.846251 1.49309 -0.778815 -0.0801281 
-0.221891 -0.210698 0.844903 -1.16728 0.0154804 -1.29848 0.384832 -1.33153 -1.5107 -1.22746 2.06727 -1.00676 0.205894 0.0681209 -0.231341 0 0.0141875 -0.687466 -0.0674127 0.221802 -0.220876 
-0.144085 -0.442273 1.51922 -1.00929 0.0200909 -0.360181 0.769248 -0.0815814 -0.0569623 1.01207 -0.659502 -0.394461 1.08895 0.161517 0.373159 0 0.0145944 -0.894278 1.34179 -0.379844 -0.138608 
0.00521814 -0.989893 0.913781 0.433658 0.163902 -0.901059 0.520231 -1.87834 -1.36517 0.852529 -1.03898 -0.310712 -1.16621 0.0646335 0.139401 0 0.164883 0.404907 1.11905 -1.16641 0.0043558 
0.213579 -0.431283 0.886975 -0.848817 -0.217005 1.03492 0.501289 1.847 -0.755892 1.05393 -0.126887 -0.591052 0.782578 0.491658 -1.25836 0 -0.216934 -0.816992 0.913395 -0.489527 0.213516 
-0.216973 -0.636129 1.55359 -1.11325 -0.0510258 0.757337 0.992076 -0.441684 -1.15378 -0.289167 -1.52304 -0.260166 -1.06622 1.05392 -0.375862 0 -0.0566263 -0.874801 1.13739 -0.458372 -0.211537 
-0.306325 -0.455545 0.988619 -1.04721 0.0820479 -1.27536 0.60356 0.536756 -0.794951 1.58638 -1.07222 -0.447226 -0.733224 1.34075 0.506234 0 0.0793306 -0.667702 0.209399 -0.0558314 -0.304125 
0.0914236 -1.16588 1.54229 0.324373 -0.126396 -1.49481 0.24469 2.0243 -0.380769 -1.60035 -1.86805 -0.170053 1.14584 0.333927 -1.19554 0 -0.126333 0.252306 1.57819 -1.1297 0.091392 
0.0853651 0.14705 0.0517265 -0.341237 -0.0884228 -0.285536 1.11912 -1.69358 -1.35901 0.870164 1.53547 -0.258413 -1.70405 1.20723 -0.561005 0 -0.0883337 -0.334831 0.0514631 0.140907 0.0852773 
-0.0155141 -0.777293 1.21337 0.0319105 0.290024 -0.450825 0.98532 -1.30639 -1.50417 0.160161 -1.58538 -0.247484 -0.426708 0.230365 0.121251 0 0.29207 -0.0135694 1.52933 -1.04777 -0.0171618 
-0.251945 -0.159266 0.533358 -0.914586 0.325299 -0.0640792 0.661202 0.525958 -1.36067 0.235388 0.692675 -0.166243 -1.32305 0.370577 -0.0426017 0 0.326362 -1.00064 0.535376 -0.0752328 -0.252772 
0.202508 0.045497 0.117821 -0.468481 0.352657 1.54555 0.0464604 0.820266 -1.3255 0.663947 0.957187 -0.620137 1.38094 0.653244 -1.82378 0 0.357691 -1.25211 1.45286 -0.505912 0.197859 
-0.144465 -0.490965 0.485489 0.366329 0.311183 -1.9632 1.04015 -1.42765 -0.080665 -0.430937 0.184094 -0.819963 -0.132434 1.34622 -0.276559 0 0.314902 0.275451 0.812619 -0.727218 -0.1478 
0.0551524 -0.325683 0.0794939 -0.153942 0.405257 1.36524 0.866843 -0.328773 -1.3508 -0.738992 -1.4372 -0.295917 1.84566 0.559175 1.49685 0 0.412319 -0.818823 1.35086 -0.932155 0.0489566 
0.0761691 -0.539103 1.18692 -0.352011 -0.0222577 1.78076 0.946636 -0.672838 -0.0459876 0.188984 -1.85731 -0.425807 -1.24635 1.04475 -1.50502 0 -0.022638 -0.4049 1.27974 -0.579029 0.0765237 
-0.0166933 0.175473 0.56781 -1.0323 -0.000275201 -1.59999 0.605989 -0.268641 -1.45532 -0.821115 1.91391 -0.701556 -0.00394094 1.2759 1.65837 0 -0.000294914 -0.999905 0.511557 0.199333 -0.016675 
-0.0077644 -0.740064 1.19488 -0.786739 -0.29524 -0.841711 0.667126 -1.94578 -0.163224 0.979327 -0.304859 0.146355 -0.862802 0.978717 -1.50357 0 -0.289403 -0.393934 0.473355 -0.411344 -0.0131388 
0.246888 0.872334 0.937989 -1.50462 0.349516 1.74468 0.636842 -1.72919 -0.321287 -0.932888 1.4079 -0.688745 -0.299463 1.33965 1.69671 0 0.348181 -0.453551 1.53808 -0.778822 0.248277 
-0.293789 -0.702363 1.67128 -1.21015 0.00404413 0.643398 1.01055 -1.56883 -0.561952 1.13927 1.15264 -0.547608 0.767452 0.390344 0.174024 0 -0.00413682 -0.974137 1.25018 -0.51728 -0.285975 
-0.0967892 -0.226522 0.791144 -1.03033 0.233055 1.37061 0.782124 -0.492228 -0.463448 -0.235209 1.11662 -0.541751 -1.16552 0.598899 -0.332132 0 0.234442 -1.19942 0.991064 -0.257358 -0.0979363 
-0.0337003 -0.727707 0.71463 0.0347398 0.2114 0.0831557 1.19921 0.0308753 -0.940845 1.77485 -1.35286 -0.796238 0.154542 0.557558 -0.571983 0 0.224904 -0.111749 1.08022 -0.94681 -0.0471991 
-0.0513362 -0.0789489 0.235139 0.328423 0.0757824 1.02814 1.2618 -0.165957 -1.22406 -1.75351 0.389291 -1.13256 1.70368 0.205294 0.769042 0 0.0758936 0.288397 0.34824 -0.152023 -0.0514286 
0.0665354 -0.885199 1.30501 0.165121 0.179259 -1.79003 0.774205 -0.359253 -0.113054 -0.179103 -1.24886 -1.24897 -0.268652 1.39709 -0.305886 0 0.179637 0.131757 1.57086 -1.11768 0.0662809 
0.0479973 -0.395999 0.625397 -0.475078 -0.191032 1.14281 0.201271 -2.02323 -0.612426 0.353739 0.893268 -1.13396 -0.269513 1.29706 -1.60983 0 -0.187677 -0.174266 0.0651266 -0.13654 0.0447884 
-0.0185158 -0.702701 1.59087 -0.624272 -0.064898 -0.460846 1.23193 -1.41759 -0.564229 1.32791 0.743101 0.252064 -0.440228 0.709129 -1.27744 0 -0.0645804 -0.571194 1.47392 -0.638829 -0.0188157 
-0.0508647 -1.12071 1.1297 0.195788 0.0971495 -1.02675 -0.194791 1.40228 -0.0755929 0.665933 0.928956 -1.28774 0.480736 0.762509 -0.720654 0 0.09788 0.195464 1.17712 -1.16782 -0.0515684 
0.0539244 -0.498075 0.668189 -0.395699 -0.10772 0.0778893 0.0742929 -2.01642 -0.57106 1.04171 -1.04363 -0.141244 -0.967403 0.491837 0.93449 0 -0.106758 -0.291927 0.478963 -0.412622 0.052998 
0.203846 -0.292884 1.18921 -0.775184 -0.124547 -1.78609 -0.178721 -1.72774 -0.89899 -0.0936141 -0.764005 0.311369 -0.549776 0.469177 -0.597993 0 -0.129718 -0.859395 1.30894 -0.328408 0.208958 
-0.27206 -0.617812 0.847139 -0.177239 0.297059 1.61939 0.960994 -0.769405 -0.950321 1.06484 -0.0516878 -0.522296 -0.021831 0.696357 -0.984952 0 0.300714 -0.190242 0.893819 -0.65149 -0.275707 
-0.137883 -1.041 1.28339 0.298668 -0.0597984 1.94359 -0.0355139 1.19946 -1.02211 0.588891 1.00863 -0.518713 1.12536 0.793238 0.0545904 0 -0.0601088 0.394446 0.982209 -0.835599 -0.13765 
-0.260444 -0.497126 1.16782 -0.880451 0.157384 0.274029 0.069418 0.117668 -0.121107 -0.371192 1.4038 -0.149528 0.723219 1.40016 0.740149 0 0.152352 -0.788285 0.960431 -0.381901 -0.255578 
0.322739 -0.606777 1.24481 -0.288662 0.0412335 0.00236322 1.12322 -1.03889 -0.648585 1.09861 -0.556579 -0.846627 0.713194 1.47557 0.00702229 0 0.0365709 -0.543796 1.76012 -0.866957 0.326927 
0.0536522 -0.967328 1.86435 -0.874392 -0.126092 0.744562 0.65725 -0.997647 -1.12012 1.07595 0.725204 -1.24709 -0.400633 0.80941 1.27096 0 -0.121162 -0.833071 1.77456 -0.918856 0.048724 
-0.1906 0.349489 0.385302 -1.07836 0.251909 -0.699894 1.02718 0.0351168 -1.05127 0.937447 -0.816736 -0.0957342 1.8042 1.28501 1.76194 0 0.253163 -1.10799 0.349666 0.414756 -0.191729 
0.100022 -0.480444 0.798753 -0.301914 -0.154198 1.58993 1.15253 0.00574308 -1.03642 0.286791 0.00207315 -0.846038 0.331826 1.18637 1.58504 0 -0.150635 -0.230265 0.650408 -0.403748 0.0964594 
0.0620431 -0.817316 1.59595 -0.572797 -0.20308 -0.289928 -0.214507 -2.00413 -0.890059 -0.238954 -0.426392 0.243476 1.83452 0.963364 0.156989 0 -0.198724 -0.502205 1.40087 -0.692836 0.0578332 
-0.118085 -0.992862 1.34736 -0.225142 -0.160297 0.495224 1.25281 -0.942312 -0.597731 1.16822 -2.01045 -1.17907 0.598471 1.34042 1.09428 0 -0.158111 -0.0367772 0.861892 -0.695763 -0.120243 
-0.0485895 -0.437393 0.565584 0.470513 0.279638 1.10943 0.889286 1.32434 -0.255164 0.995178 0.650459 -0.44823 0.297652 0.187347 -0.78938 0 0.280975 0.376785 0.948606 -0.726687 -0.049532 
-0.165676 -0.692635 0.958934 -0.569609 0.151087 -2.04971 -0.0952944 1.34867 -0.643916 -1.31004 -0.778829 -0.690574 -0.5747 0.56131 1.46996 0 0.150747 -0.58364 0.93389 -0.65356 -0.165358 
0.284603 -0.267664 -0.013976 0.312837 -0.196518 -1.85296 0.121506 0.614279 -0.294038 1.08107 0.649178 -0.0230442 -1.85209 1.30561 -0.535116 0 -0.207546 0.0218087 0.57724 -0.567854 0.295623 
-0.250096 -0.375914 0.282764 -0.0824193 0.298348 0.572368 0.185663 -1.85141 -0.161764 -0.0324418 -0.882979 -0.500101 -0.426042 1.13131 1.33247 0 0.302061 -0.231814 0.536704 -0.480459 -0.253727 
0.0242705 -0.830824 2.02159 -0.618737 -0.141008 -0.330083 0.537326 1.77473 -1.12485 -0.0872204 0.510997 -0.686005 -0.0831332 1.51872 -1.20894 0 -0.14066 -0.603804 1.89541 -0.719573 0.0240192 
-0.28906 -0.309713 0.638241 0.265596 0.392022 -0.0943393 1.28571 0.924327 -0.802174 -1.20887 0.629497 0.304368 0.209606 0.533262 0.378023 0 0.393515 0.346744 0.699766 -0.452386 -0.290158 
0.315571 0.164789 0.148507 -0.160052 -0.17399 -1.1359 -0.124964 -0.874637 -0.16245 0.424555 0.555422 -1.17581 -0.826432 0.646993 1.65219 0 -0.184969 -0.485913 0.729953 -0.0908035 0.326364 
-0.0719798 0.0719122 -0.0547218 -0.878038 0.276566 1.50654 -0.186038 -0.86786 -1.27024 -0.787897 -1.12785 -1.23948 -1.10772 0.0798517 -0.921788 0 0.277185 -1.31116 0.583891 -0.133577 -0.0722267 
0.00366712 -0.703587 1.03981 -0.528428 0.339728 -0.201085 -0.0315775 0.503279 -1.07474 1.48255 -1.36991 -1.21357 -0.383469 1.25182 0.207419 0 0.35405 -0.806824 1.58479 -0.970147 -0.010225 
0.320547 0.0029151 0.146215 -0.274728 0.0624571 -1.5498 0.448395 -0.705286 -0.710085 -1.8068 1.09814 -0.454722 -1.568 1.51425 0.987847 0 0.0435096 -0.854664 1.24371 -0.514622 0.339267 
0.0689087 -0.186323 0.0783882 -0.0706099 0.18328 -0.379165 0.0452589 0.17897 -1.47372 -1.5972 1.92488 -0.838678 1.86305 0.585527 -1.81019 0 0.187323 -0.539713 1.00707 -0.645898 0.0649622 
-0.112642 -0.791933 1.20154 0.189297 0.407221 -0.925191 0.427373 1.42108 -0.902311 1.08351 2.05611 -0.748276 1.27179 0.0367104 0.286263 0 0.409219 0.242963 1.43243 -1.07649 -0.113962 
0.247889 -1.0484 1.35027 0.402407 -0.21899 -0.967759 1.15974 -0.783567 -1.31702 1.77253 -0.633887 -0.414134 1.99151 1.34438 1.01548 0 -0.21911 0.239171 1.53445 -1.06936 0.247952 
0.341671 -0.503516 0.76337 -0.372338 0.156847 0.777896 -0.120947 -1.77332 -0.0961307 -1.16906 -1.52321 -0.138583 -1.17386 0.122857 0.565198 0 0.137044 -0.780314 1.62458 -0.956732 0.361274 
-0.0999832 -0.534255 1.02289 0.232559 0.0605076 1.15645 1.15015 1.96634 -0.225533 1.27177 0.107621 -0.109505 -0.271936 0.782085 1.74349 0 0.0604166 0.3142 0.903664 -0.496672 -0.0999285 
0.0140588 -0.85417 1.94906 -0.64591 0.0531487 1.42167 0.988849 -1.64782 -1.00914 0.0756459 -0.473186 -0.236376 0.822633 0.857819 -1.80464 0 0.0532151 -0.669619 2.02412 -0.90552 0.0140046 
-0.0257926 -0.640496 1.06411 0.0982831 -0.221679 -0.476791 0.648266 -1.81378 -0.350475 -1.1192 0.832252 -0.536081 -1.97455 0.194918 0.685958 0 -0.22024 0.295865 0.540581 -0.31455 -0.0269419 
-0.340116 -0.232273 0.367798 -0.367414 0.339932 1.34451 1.13275 -0.186778 -0.479078 0.935311 -1.44699 -0.801165 2.0135 0.212487 -0.850168 0 0.339919 -0.386699 0.329973 -0.175163 -0.340103 
0.0290646 -0.747221 1.33741 -0.920036 0.0174376 0.924511 0.47429 -1.94874 -0.513433 0.105007 0.368727 -0.343847 1.62505 0.547403 -0.0954477 0 0.0174058 -0.957568 1.40878 -0.781058 0.0290937 
-0.10122 -0.866615 1.90364 -1.02155 0.0565563 1.77285 0.839614 1.35252 -0.419397 -1.7768 -0.4563 -0.402151 1.33715 1.3177 -1.73848 0 0.0537184 -0.990221 1.84937 -0.843674 -0.0983826 
0.160249 -0.688473 1.08645 -0.780527 -0.162121 0.963818 0.267338 -0.399513 -1.1537 -0.530957 1.64934 -0.099333 1.7504 1.02419 1.08636 0 -0.162091 -0.744798 1.0853 -0.723047 0.160222 
-0.361048 -0.827967 0.878279 -0.037934 0.294712 -0.488794 0.765807 1.38413 -1.25258 -0.705995 -0.895187 -1.04675 -1.88829 0.811199 1.38121 0 0.282558 0.0274379 0.727966 -0.743027 -0.348896 
-0.161146 -0.482209 0.857774 -0.810534 0.387238 -2.01899 0.931495 -1.26417 -1.18906 -1.07446 0.290419 -0.163995 1.91253 0.101292 1.74843 0 0.391775 -1.08632 1.22389 -0.572544 -0.165018 
-0.000856043 -0.390342 0.567182 0.454715 0.101796 -0.726959 0.362676 -1.17098 -1.00898 0.420773 -1.50272 -0.247574 -2.00874 1.49818 1.23274 0 0.101984 0.381264 0.783796 -0.533505 -0.000985694 
0.37799 -0.606485 0.597781 -0.215734 -0.243266 0.687967 0.873105 -0.762156 -1.28329 -0.958134 -1.57079 -1.2104 1.93521 0.295892 0.412911 0 -0.25231 -0.315413 0.892704 -0.801719 0.386704 
-0.0829027 0.105626 0.587895 -1.06801 0.0611295 0.875912 0.198727 1.372 -0.996893 -0.800799 2.00413 -0.359786 1.93495 0.375026 0.171292 0 0.060986 -1.01067 0.464341 0.17184 -0.0827753 
-0.183768 -0.946306 1.27342 0.0674976 -0.0602412 -0.930716 0.733544 0.779252 -1.32481 0.755845 0.865476 -0.720752 0.592401 0.599506 0.745538 0 -0.0615368 0.236368 0.839287 -0.681049 -0.18263 
0.162199 -1.03373 1.71109 -0.0942033 -0.0385457 0.549806 -0.0641021 0.383548 -0.883552 1.64033 -1.82882 -0.505889 -1.0892 0.418019 -0.297174 0 -0.0388848 -0.176409 1.87642 -1.11685 0.162428 
-0.00447495 -0.820338 1.94257 -0.741469 0.0162376 0.829009 0.746533 0.0505826 -0.366987 -1.33982 0.871054 0.167985 -0.158065 0.821324 -1.04528 0 0.0162464 -0.744431 1.95601 -0.830821 -0.00448269 
-0.105277 -0.76193 1.37476 -0.862505 -0.275257 0.880412 0.862197 0.132812 -1.32128 0.162661 -0.860879 -1.06163 -0.840184 1.18889 0.985744 0 -0.268968 -0.444122 0.588953 -0.394501 -0.111282 
-0.0870941 -0.88101 1.08485 -0.0183404 0.224498 1.28912 1.24135 -1.17287 -0.307081 -1.33 -0.221403 -0.258524 -1.41264 0.146212 -0.505553 0 0.230008 -0.0645857 1.27581 -1.02573 -0.0924478 
0.332151 -0.354597 0.551047 -0.233905 0.0301841 -0.622075 0.487633 -1.42777 -1.40454 1.37487 -0.624677 -1.01516 1.42644 1.35833 1.34484 0 -0.00202096 -0.61144 1.32715 -0.753146 0.364322 
0.0774877 -0.854137 1.58716 0.280079 0.251747 1.07392 1.30791 -0.436837 -1.13483 -1.52983 0.243669 -0.912483 -1.09129 1.2968 -1.27603 0 0.251893 0.345365 1.81317 -1.14544 0.0775383 
-0.144428 -0.638885 1.16411 -0.601319 0.138666 0.516438 0.763065 1.06388 -0.749527 -1.30223 0.712662 -0.473471 0.872981 0.240601 -1.29892 0 0.138268 -0.602734 1.15433 -0.627694 -0.144032 
0.368269 -0.831546 1.87363 -0.676699 -0.176338 -0.0937128 -0.0641284 1.90388 -1.08939 0.753742 -0.831043 -0.704165 -1.61813 0.274298 -0.454419 0 -0.180059 -0.87011 2.09387 -0.858377 0.371543 
0.0545351 -0.829276 1.24263 -0.410992 0.126789 -1.87501 -0.0374764 -1.08368 -1.54083 1.53943 -1.37879 -0.173177 -0.145819 0.101161 1.02249 0 0.131365 -0.52404 1.5157 -0.98929 0.0499595 
-0.027871 -0.887953 0.86377 0.224873 -0.0876029 -0.666433 1.15434 0.727502 -1.29074 1.40814 0.476334 0.249484 1.05823 0.705542 1.76641 0 -0.0867641 0.323598 0.602165 -0.725073 -0.0286834 
0.158176 -0.814775 1.06852 -0.531982 0.293313 0.599613 1.01464 -0.337656 -0.254038 -1.11382 1.0329 -0.407257 1.83013 1.19314 -0.768746 0 0.297574 -0.840291 1.74167 -1.17961 0.154189 
0.256363 -0.447712 0.914139 -0.715852 -0.0876695 1.7604 0.717085 1.88825 -0.515155 -0.379916 1.93865 -0.860885 0.845909 0.928774 1.66014 0 -0.0930023 -0.868487 1.23863 -0.619564 0.261442 
-0.0224812 -1.10204 1.60754 0.121619 -0.25468 2.05197 1.02303 -1.24357 -1.51279 0.674301 0.0615268 -0.584183 -0.212189 0.820769 1.44927 0 -0.253694 0.127738 1.33728 -0.837896 -0.0231402 
-0.0720672 -0.789 1.32954 -0.593747 -0.0286799 -0.934523 0.859266 -1.77318 -0.425047 0.90186 -0.808243 -0.927446 -0.438971 1.04089 -0.471617 0 -0.0298545 -0.51448 1.16044 -0.699169 -0.0708951 
0.313129 -0.306347 0.0687469 0.290429 0.0346503 -0.370219 -0.0795052 0.512758 -0.927951 -1.48986 -1.70363 -0.120031 -1.53931 1.38809 0.859494 0 0.00730686 -0.204801 1.1521 -0.894486 0.340414 
0.335774 -0.499032 0.85325 -0.325756 -0.0838556 1.72059 0.451059 1.41909 -0.709323 -0.840711 0.379886 -0.70196 -1.34832 1.49926 0.495127 0 -0.115717 -0.55314 1.3201 -0.738512 0.367616 
-0.224362 -1.03592 2.07494 -0.421216 0.277753 -1.91255 0.418368 -0.701449 -0.343868 1.2535 -0.674489 -1.01625 -1.61901 1.46915 1.74839 0 0.278038 -0.259975 2.05807 -1.18029 -0.224537 
-0.0932137 -0.0651706 0.842374 -0.94889 -0.023962 1.13767 0.77454 -1.96975 -0.923718 -1.11505 -1.54524 -0.609615 0.645661 0.0394141 1.72184 0 -0.0251473 -0.763507 0.5215 0.0703205 -0.0920549 
-0.312174 -1.08669 1.45242 -0.278121 0.0573816 -0.0646939 0.744901 -1.65516 -1.46284 0.967802 -1.61431 -0.434291 1.85554 0.858987 -0.884401 0 0.0349875 -0.123438 1.05262 -0.841597 -0.289912 
-0.364914 -0.503193 1.64695 -1.3691 0.213869 -0.86398 0.890585 -1.04551 -0.513665 0.937805 2.05775 -0.668621 -0.86696 0.630803 -0.748268 0 0.205421 -1.25396 1.42316 -0.394542 -0.356815 
0.0824448 -0.0489658 0.806259 -0.838954 -0.27172 -0.0469722 -0.220248 1.56494 -1.12976 1.49608 1.54157 -0.780499 -1.62212 1.20552 1.60533 0 -0.256856 -0.406222 0.0349649 0.289605 0.0676543 
-0.0644794 -1.18397 1.73187 -0.37815 -0.116837 0.609097 0.930846 -0.813406 -0.340363 -1.13506 0.689735 -0.287923 -0.69889 1.29246 0.461276 0 -0.115475 -0.314818 1.50716 -1.02259 -0.0658087 
-0.137497 -1.01399 1.33025 0.031553 -0.201412 -2.05799 0.510677 0.423289 -1.18111 1.65603 0.307969 -0.126825 -0.864205 0.36303 1.3814 0 -0.200227 0.228843 0.75723 -0.638259 -0.138571 
0.148906 -0.379982 0.611432 -0.0239447 0.107078 -0.60207 0.0684954 0.444465 -0.546888 0.547303 1.11298 -0.796766 0.22803 0.784994 -0.957279 0 0.105823 -0.28935 1.18179 -0.684935 0.150119 
-0.0396753 -0.230859 0.622483 -0.425921 0.403936 -1.9446 0.345863 0.850246 -0.865183 1.37083 1.97326 0.0285156 -1.8674 1.18706 -1.35028 0 0.452448 -0.822785 1.35191 -0.563385 -0.0881417 
0.329552 -0.381631 0.344481 0.437279 0.205035 -0.747071 1.2962 0.579133 -1.22731 -0.566353 1.75787 -0.379439 -1.70151 0.968533 1.03677 0 0.202773 0.0023162 1.43738 -1.03957 0.331506 
-0.306258 -0.302004 0.676892 -0.311418 0.217356 -0.656534 0.745582 0.508997 -0.833764 -0.0547917 1.05406 -0.604091 0.287529 0.821601 -1.13187 0 0.2069 -0.131738 0.338991 -0.143787 -0.295832 
-0.197407 -0.991657 1.95718 -1.15606 0.037711 0.338868 1.17815 -0.338553 -1.06655 0.539222 0.0765249 -0.328195 -0.257857 1.25118 -0.834082 0 0.0331415 -1.06401 1.76158 -0.888098 -0.192977 
0.368462 -0.7403 1.43747 -0.481896 0.0152818 1.8323 0.109869 2.08162 -1.05586 0.547805 0.420562 -0.429782 0.905036 0.637921 -0.283115 0 0.00244175 -0.723591 1.93277 -0.993922 0.380785 
-0.105734 -1.12384 1.19596 -0.0291136 0.119073 -0.626281 0.833942 -0.814085 -1.35934 1.59205 0.18825 -0.957665 -1.16338 1.25691 -1.32346 0 0.120055 -0.0301587 1.21104 -1.13788 -0.106714 
-0.30368 -0.204805 0.0124637 -0.146422 0.372983 0.159139 -0.123186 -1.10327 -0.47318 -1.22564 -0.739436 -0.0534657 -0.728413 0.103342 1.76373 0 0.375982 -0.45289 0.506108 -0.39198 -0.306434 
-0.147291 -0.930648 1.41452 0.136372 0.0296414 0.924403 0.204511 0.289857 -1.03359 0.868845 -0.703192 -0.348329 -0.0614878 1.03703 0.368849 0 0.0293152 0.231026 1.21549 -0.826265 -0.147071 
-0.284756 -0.148047 -0.0186861 0.428728 0.324232 1.04335 0.544813 1.88094 -0.938497 0.225432 -0.261997 -1.10717 -1.46986 1.34579 -0.959394 0 0.326373 0.352445 0.215567 -0.306018 -0.286789 
0.0209994 0.359362 -0.0611586 -0.507724 0.135732 1.12839 0.882741 -0.79275 -1.40964 1.05132 -1.36843 -0.266011 0.253922 0.888254 1.6209 0 0.13781 -0.951955 0.73492 0.0075151 0.0189925 
-0.183386 -0.637991 1.081 -0.561841 -0.0712593 -1.7474 1.09648 1.24228 -0.911893 1.19523 -1.16661 -0.502049 -1.82608 1.36219 0.207916 0 -0.0765319 -0.21471 0.379983 -0.284099 -0.178167 
-0.0208802 -0.830105 1.18272 -0.779931 -0.112593 1.85838 0.200862 -0.0417006 -0.570331 -1.22701 -2.08128 -0.568889 -2.03865 0.620549 -1.15422 0 -0.112058 -0.640968 0.926099 -0.712446 -0.0213447 
-0.301967 -0.101316 0.113457 0.414518 0.157217 0.245012 0.804373 2.02111 -0.287059 -0.3504 0.249025 0.252911 1.57836 0.454611 -0.804689 0 0.158519 0.204528 0.501676 -0.279546 -0.303253 
-0.137068 -0.358106 0.571162 -0.988714 0.36107 0.744741 0.943673 -1.82769 -0.990477 -0.214786 0.522063 -0.775945 1.47452 0.272748 -0.728204 0 0.362413 -1.28495 0.89739 -0.388102 -0.137789 
-0.0623629 -0.803358 0.658483 0.339325 0.36261 1.95197 0.817839 -0.432703 -0.62261 -0.612664 -0.235533 -1.26335 1.63581 1.27321 -1.08708 0 0.377266 0.208086 1.13767 -1.15132 -0.0765385 
-0.162872 -0.0839321 0.585695 -0.402342 0.253702 0.973713 -0.227665 -0.320894 -0.393413 -1.04417 -0.244778 -0.609544 -1.24032 0.511347 1.08523 0 0.261597 -0.528955 0.841938 -0.213565 -0.17071 
-0.181162 -0.837173 1.69365 -0.227145 0.17403 0.530968 0.576076 -1.96897 -1.21472 1.15027 -1.31196 -0.116472 -0.40102 0.140913 0.189947 0 0.173993 -0.123208 1.63419 -0.881644 -0.181137 
-0.262057 -0.752566 1.26211 -0.744544 -0.157699 1.23747 1.21634 1.1126 -0.551117 -0.219297 -1.99181 -0.658223 1.06198 1.42497 -1.68103 0 -0.16229 -0.433829 0.63512 -0.436293 -0.257647 
-0.269117 -0.74501 2.01393 -1.10375 -0.118087 -0.643846 1.13014 0.926815 -1.19477 0.834907 -1.12943 -0.592609 -0.135418 1.23391 1.12912 0 -0.126845 -0.804934 1.532 -0.561893 -0.260549 
0.372083 -0.487066 0.436895 0.371549 -0.177919 1.9372 0.126486 0.566692 -0.605612 -0.316692 1.2048 -0.642465 0.170532 1.31059 0.610941 0 -0.184298 0.0815421 1.00621 -0.766375 0.377954 
0.122422 -0.335002 1.1047 -0.435507 0.164938 -1.69507 1.31123 -0.191115 -1.23779 -1.66413 0.812252 0.257313 -1.1948 0.521467 0.307329 0 0.165618 -0.670019 1.55663 -0.552421 0.121802 
-0.0537599 -0.448077 0.768711 0.328833 0.324184 1.85932 0.376548 1.63932 -1.10868 -0.646615 0.936472 -0.97706 -0.901517 0.674955 0.556091 0 0.325705 0.259977 1.14156 -0.752067 -0.054751 
-0.138437 0.382478 0.652155 -1.4502 0.00268462 -0.285053 1.2771 0.080978 -0.725397 0.126452 0.0882917 -0.763437 -1.99359 0.155739 0.36953 0 0.00215135 -1.10818 0.0626018 0.63001 -0.13799 
0.0939855 -0.854019 0.692781 0.186061 0.0449048 -1.66391 1.08325 -1.51366 -0.192454 0.23782 0.30194 -0.799573 -1.56008 1.12311 0.841718 0 0.042696 0.0777279 0.981657 -1.03456 0.0961932 
-0.110607 -0.40277 1.25316 -0.667457 0.0640607 1.11215 0.726131 0.597396 -1.14075 1.09984 -1.96557 -0.659758 1.13158 0.586436 -1.81429 0 0.0629492 -0.615933 1.17711 -0.378244 -0.109523 
-0.143505 -0.953914 1.22537 -0.239195 -0.254586 2.03324 0.430151 0.713678 -0.867918 1.78978 -1.16587 -0.356483 1.63509 0.514202 0.331368 0 -0.243546 0.312798 0.000207746 -0.280746 -0.154534 
-0.0246623 -0.34055 0.955241 -0.753732 0.164401 0.305026 1.14124 0.700144 -0.632387 -1.03517 1.7533 -0.860434 -1.56832 1.44154 -0.598332 0 0.169103 -0.907504 1.20958 -0.441116 -0.0292941 
0.216125 -0.678145 1.71056 -0.647664 -0.18282 0.513738 0.988938 1.76736 -0.360727 -1.63035 -0.660947 -1.15868 -1.08243 0.462719 -0.24191 0 -0.183356 -0.726802 1.75235 -0.6408 0.216596 
-0.253795 -0.3966 1.04925 -1.16636 -0.0370421 -1.64358 -0.116576 -0.659972 -0.523501 -0.635695 -0.320084 -1.1164 1.65419 0.346821 -1.6074 0 -0.0389706 -0.602978 -0.00970902 0.098973 -0.252238 
0.182448 -0.848342 1.31984 -0.397849 -0.176488 -1.06285 0.201437 1.55614 -0.550124 -1.03234 -1.47986 -0.403484 -1.99161 0.106138 1.58617 0 -0.177051 -0.412154 1.33382 -0.84802 0.183009 
-0.337325 -0.339887 2.02307 -1.49675 0.116682 0.0828186 0.210169 1.69357 -0.840491 -1.03218 -1.06602 -0.6852 -2.04525 1.03714 -1.77195 0 0.104615 -1.27146 1.81962 -0.361739 -0.325618 
-0.201283 -0.264607 0.561662 -0.272229 0.412884 1.40401 0.390414 0.850075 -1.53166 -1.3072 1.46762 -0.543614 0.391226 0.761208 -1.69291 0 0.44867 -0.522586 1.06252 -0.515123 -0.237053 
0.0655142 -0.610422 1.39805 -0.645787 -0.0777554 0.574542 1.27443 -1.35214 -0.363436 1.12214 -1.07583 -0.260878 -0.356314 1.36882 0.456459 0 -0.0774473 -0.642541 1.37914 -0.594762 0.065211 
-0.095614 -0.547603 0.95477 -0.506474 -0.00389841 0.273257 0.899722 -0.0487689 -0.216937 -1.71716 0.690844 0.0181035 1.22967 0.305183 1.02384 0 -0.00578355 -0.387574 0.713416 -0.425149 -0.0937425 
0.138176 -1.17332 1.73966 0.0883292 -0.127216 0.729419 0.924937 -0.770691 -1.01651 1.03217 -0.104904 -0.137426 -1.59535 0.457275 0.0249441 0 -0.127245 0.000840641 1.8134 -1.15956 0.138192 
-0.285412 -0.357999 0.387749 -0.16873 0.308929 1.51312 0.748601 -1.6222 -0.756861 0.961288 -1.27052 -0.67885 -0.706894 0.322754 0.00661425 0 0.311268 -0.246909 0.503361 -0.395431 -0.287719 
-0.203242 -0.577287 1.45399 -1.16502 -0.148115 -1.54245 1.13344 0.369919 -0.139759 0.932796 -2.08315 -0.00455651 -1.66964 0.374267 1.5863 0 -0.149614 -0.803968 0.840121 -0.324469 -0.201835 
-0.269245 -1.08102 1.35146 -0.31515 0.288133 -1.25345 0.42172 0.156827 -0.70934 0.464786 -0.233623 -0.0535689 -0.672995 1.05739 1.46938 0 0.291392 -0.335118 1.38497 -1.09456 -0.2725 
-0.0122314 0.0388777 0.303704 -0.0582398 0.246956 0.761866 0.485054 1.01788 -0.8044 -1.5262 0.116711 -1.14922 1.75061 0.795638 1.13329 0 0.251811 -0.403814 1.01232 -0.324163 -0.0167931 
-0.285301 -0.478723 0.880316 -0.42482 0.214645 0.856402 0.510021 2.05856 -1.00045 -0.971508 0.124377 -0.123128 -1.60347 0.597801 -0.168153 0 0.2056 -0.340358 0.705901 -0.388768 -0.276259 
-0.295936 -1.17355 1.17598 0.156885 -0.0241731 -0.40257 1.04228 1.86116 -1.29434 -0.927938 0.344311 -1.10459 -0.413874 0.109994 0.33512 0 -0.0377651 0.388867 0.538288 -0.767852 -0.282613 
0.0315206 -0.396884 0.500479 -0.389588 0.0936357 -0.285224 0.623605 0.758842 -1.36342 -1.13259 0.114666 -0.426385 -1.98745 0.204116 0.540811 0 0.0942625 -0.579306 0.865411 -0.572098 0.0309316 
-0.0486196 -0.858971 1.61606 -0.0155022 -0.132579 2.00617 0.82968 0.608549 -0.61362 -0.0400255 1.84588 0.010048 1.71234 1.04195 0.84226 0 -0.132395 0.0261196 1.41053 -0.695058 -0.0487218 
0.25585 -0.460224 0.872048 0.135903 -0.0731133 -1.07654 0.412945 1.16504 -0.123149 -1.17612 0.0781183 -0.39781 0.397601 1.48449 1.44295 0 -0.0745465 -0.0742796 1.24626 -0.62425 0.256952 
-0.356983 -0.453144 1.21401 -1.05125 0.34818 -1.15505 0.614943 -0.930273 -0.217736 0.6172 -1.73367 -0.132888 -1.04913 0.217929 -0.782453 0 0.347744 -1.07088 1.14507 -0.364583 -0.356575 
-0.38092 -0.425396 1.06456 -1.55939 0.165336 -0.729232 0.969269 0.429043 -0.214979 1.48005 0.417388 -0.539202 0.272085 0.296899 0.668515 0 0.164461 -1.09272 0.0457233 0.126777 -0.38063 
0.0838478 -0.1063 0.793438 -0.571025 0.273534 -0.447269 -0.169568 1.7976 -1.34042 -0.765947 1.91458 -0.817102 1.48626 0.41025 1.50925 0 0.287601 -0.945059 1.43836 -0.377196 0.0699325 
-0.0175654 -0.315887 1.15768 -0.782438 0.113721 -0.927375 0.521259 -0.273034 -1.19818 -1.13709 -1.07574 -1.25901 -1.75936 0.544825 0.630014 0 0.117233 -0.875167 1.31788 -0.383353 -0.0210678 
-0.261143 -0.822822 1.48096 -0.434363 -0.0068982 1.99425 0.583898 -1.93431 -1.40092 1.51059 -1.88477 -0.698119 -0.871047 0.848506 -1.80841 0 -0.0142384 -0.223411 1.03819 -0.591007 -0.25408 
0.258834 -0.285372 0.248994 0.295706 -0.0125953 -1.18837 0.980552 -1.32309 -0.394582 1.66684 2.05031 -0.616142 1.87966 1.26849 0.300534 0 -0.0184108 -0.0735092 1.01615 -0.683321 0.264351 
0.312707 0.0620013 0.356319 -0.428973 -0.107651 1.00219 0.0649332 -1.11666 -0.966664 0.937572 1.51942 -1.10883 -0.0396598 0.186939 1.38154 0 -0.132162 -0.757453 0.952743 -0.20594 0.337216 
0.180312 -0.307555 0.481861 -0.205985 -0.245024 -1.59857 0.0325344 0.624982 -0.0559028 -0.629401 2.0058 -0.574754 1.68314 1.35291 1.58348 0 -0.238465 0.0288587 0.0220912 -0.0826276 0.173757 
-0.328962 -0.627612 1.42748 -1.39542 0.218293 -0.589009 0.00672209 0.449085 -0.194769 -0.456516 -0.597202 0.269153 -2.02974 1.04799 1.09467 0 0.217161 -1.33082 1.17323 -0.43796 -0.328146 
0.064382 -0.0427958 0.701372 -0.862595 0.239321 -1.59726 1.04415 -0.488351 -0.685282 0.403796 1.96756 -0.238716 -0.444653 0.0430567 1.26652 0 0.24536 -1.22638 1.25517 -0.23281 0.0585506 
0.154386 -0.656874 0.921425 0.210687 0.19099 -0.893358 0.557344 -0.857513 -0.452925 0.124773 -0.683186 -0.0572118 -0.168175 0.0727706 0.553936 0 0.191299 0.045238 1.43855 -1.00855 0.154138 
0.263732 -0.407789 0.802199 -0.289351 0.322475 -1.95127 -0.241191 -1.45641 -1.31495 -1.43723 -0.742054 -0.991751 -0.308363 0.104684 0.848463 0 0.330403 -0.747938 1.75952 -0.906531 0.255877 
-0.227627 -0.818586 1.69815 -1.027 -0.0133531 -1.03019 -0.230785 -1.0893 -0.262463 -1.34921 0.548327 -0.144197 0.412329 1.11692 -0.397347 0 -0.0220789 -0.848236 1.35703 -0.656231 -0.219049 
-0.163419 -0.446913 0.458187 0.173039 0.210564 -0.942839 -0.233652 -1.67405 -0.102044 1.21889 0.627141 -0.201588 1.8036 0.148342 -0.373191 0 0.212951 0.13345 0.583598 -0.532735 -0.165746 
-0.345826 -0.785158 1.50168 -0.798777 0.0901668 -2.04202 0.664309 0.810192 -0.907403 0.0283626 0.849527 -1.3127 1.20905 1.31007 -0.321915 0 0.0641741 -0.601106 1.09376 -0.574884 -0.319965 
-0.239514 -0.90897 1.05311 -0.0599815 0.122207 0.15822 -0.154965 2.02436 -1.35604 1.30369 -1.81734 -0.750288 -1.70695 1.1633 0.15297 0 0.112153 0.0459761 0.808324 -0.770148 -0.229513 
0.0476825 0.247713 0.344728 -0.662118 0.296564 -0.111352 -0.140499 -0.809641 -0.16329 -1.00928 1.1794 -0.106167 -1.24783 0.0801209 0.844948 0 0.320624 -1.1612 1.14632 -0.0547798 0.0237172 
-0.280296 -0.742726 1.84278 -1.13894 0.0910573 0.346895 1.27911 -1.98228 -0.118176 -1.51712 0.351771 0.296777 -0.980031 0.455842 -0.021356 0 0.0677672 -0.996226 1.6027 -0.645347 -0.257035 
0.0916795 -0.401394 0.478014 0.103704 0.0562649 1.9827 0.295872 0.639429 -1.5086 0.198904 -0.0562183 -1.12315 0.480663 1.07553 -1.5207 0 0.0555369 -0.090372 0.896793 -0.626098 0.0923896 
-0.302504 -0.654333 1.12716 0.20915 0.256496 0.445474 0.871492 0.0759523 -0.752174 0.971526 -0.937712 -0.38272 1.0234 0.68442 -1.62661 0 0.256129 0.418513 0.875485 -0.612016 -0.302271 
0.123168 -0.664616 1.32218 -0.230082 0.0399613 0.898306 -0.0451913 1.0882 -0.57831 -1.75521 0.870254 -0.377762 -0.349611 1.01065 1.50652 0 0.0394966 -0.338752 1.55969 -0.793455 0.123563 
-0.322111 -1.06214 1.66311 -0.342204 0.123589 -0.42512 0.8547 -0.947258 -1.08442 0.0290654 -1.65689 -0.661785 -0.504633 1.28864 -0.551014 0 0.116449 -0.206912 1.37748 -0.911801 -0.315354 
-0.00217459 -0.995951 1.59624 -0.0134703 -0.20505 -0.795365 0.577156 -1.36303 -0.222657 0.872826 0.0856151 0.284231 2.01588 0.279865 1.37551 0 -0.204272 0.00593162 1.37614 -0.795251 -0.00273165 
-0.010783 -0.124667 0.472958 -1.04861 0.0606911 0.836886 -0.272774 -1.79485 -0.716232 -0.101651 -1.15325 0.228669 1.56735 1.16449 -1.19901 0 0.060745 -1.12919 0.588358 -0.159485 -0.0108164 
-0.2262 -0.795993 0.893091 -0.283101 0.268684 -1.29791 0.385495 1.65247 -0.28003 -0.469649 -0.823284 -1.20834 -1.78757 0.966612 0.776705 0 0.271491 -0.358015 1.00349 -0.83148 -0.228934 
-0.155041 -0.609105 1.12606 -0.344308 0.00405813 -2.03445 0.589646 1.50326 -0.623461 0.411054 -0.329592 -0.00154203 0.556804 0.45773 1.28015 0 0.00057833 -0.185867 0.806832 -0.448323 -0.151638 
0.096121 -0.332868 0.679144 -0.749595 0.158024 1.82277 0.940655 1.00678 -1.48899 1.60945 0.328733 -0.287627 -1.66387 0.618913 1.47425 0 0.158694 -1.05276 1.2017 -0.552259 0.0955359 
-0.186479 -0.514243 0.35856 0.100805 0.218661 1.54198 -0.25438 -1.61413 -1.01095 -0.0673384 -0.528418 -1.18608 -0.967272 0.884304 1.02733 0 0.221827 0.0229168 0.511119 -0.588913 -0.189637 
-0.0204253 -0.0660952 0.519442 -0.300571 0.151294 0.952776 0.0152075 -1.16368 -0.235486 0.45715 -1.84813 -1.02936 0.758898 0.569954 -0.956153 0 0.154914 -0.490978 0.892296 -0.248544 -0.0239826 
0.0232149 -0.259492 0.51033 0.231095 0.0280872 -0.0156888 0.0375926 -0.220688 -1.23523 0.311164 1.62449 -1.32473 0.672961 1.2445 -0.117364 0 0.0280959 0.155705 0.67257 -0.346342 0.0232078 
-0.100964 -1.18083 1.79444 -0.654183 -0.193997 -1.83602 -0.104953 0.885293 -0.613794 0.225259 -1.81982 -1.21649 -1.65998 0.987269 -1.11344 0 -0.185588 -0.503704 1.40231 -0.939173 -0.109361 
0.063939 -0.483469 0.750968 -0.650304 0.324531 -2.0181 0.121804 0.816627 -0.998621 0.702363 0.604921 -1.01076 1.72978 0.573889 -0.179533 0 0.329034 -1.05773 1.44975 -0.774818 0.0599584 
0.0760395 -0.0738796 0.661936 -0.786229 0.215947 -1.67685 0.339592 1.79683 -1.05539 0.512856 1.58925 -1.23401 1.45259 1.34856 0.891613 0 0.220861 -1.1441 1.23173 -0.285805 0.0712808 
-0.182659 -0.637707 1.59492 -0.659084 0.373352 0.775076 0.637825 -1.82705 -0.281361 -0.261439 0.657297 -0.581239 0.582085 1.21682 -1.80833 0 0.379607 -0.712961 1.82724 -0.816156 -0.18844 
-0.141255 -0.810768 1.34367 0.0306008 0.0525691 1.6941 0.577937 -1.92586 -1.08608 -0.523296 0.25384 0.0553485 1.13483 1.10784 1.44023 0 0.0522091 0.123604 1.17709 -0.737187 -0.140987 
-0.161788 -0.969602 0.879636 0.18914 0.0419465 -0.570106 1.18279 -0.271743 -0.969744 -0.563149 -1.70606 0.199984 -1.97053 0.822292 -0.377587 0 0.0364386 0.306971 0.589509 -0.797307 -0.156322 
0.197987 -0.429929 1.214 -0.466374 0.0641242 1.2133 0.75399 1.51464 -0.391682 0.882484 -0.535193 0.285641 0.498697 0.784305 1.75149 0 0.0620423 -0.683527 1.60583 -0.604608 0.199901 
-0.332721 -1.01353 1.69658 -0.761485 -0.0449354 -2.08164 0.590408 -1.4802 -0.679913 1.22786 -0.659225 -1.12619 1.38033 1.07135 -0.075912 0 -0.0709895 -0.511737 1.1371 -0.703777 -0.306787 
0.0461664 -0.814514 1.48736 -0.725 -0.0464267 1.36196 0.773389 -1.45141 -0.486258 -0.932464 -0.470967 -0.987563 -0.686746 1.41449 -1.05312 0 -0.0464195 -0.723097 1.48677 -0.815833 0.0461592 
-0.168584 -0.192689 1.14723 -1.24146 0.0323834 0.133204 0.129845 -1.6217 -0.518578 1.57456 -0.329009 -0.390575 -1.09164 0.162268 0.857499 0 0.0304081 -1.08322 0.88062 -0.0843202 -0.166738 
0.173832 -0.860418 1.00864 0.294998 -0.142314 -0.332996 0.6036 -1.20975 -0.359162 1.3481 1.25849 0.203131 0.624287 0.909568 0.883103 0 -0.142617 0.208965 1.13063 -0.896379 0.174085 
-0.144707 -1.00772 1.77262 -0.729505 0.263171 -0.583479 0.91045 -0.170535 -0.713198 0.683275 -0.52157 -1.10975 0.210423 1.13981 1.04701 0 0.282246 -0.780634 1.91241 -1.09638 -0.16376 
-0.363807 -0.684599 1.29327 -1.11087 0.260326 -1.54795 0.317151 -2.03794 -0.535249 0.758645 -0.539756 -1.10075 0.916052 0.0831943 -0.910089 0 0.258444 -1.06847 1.06444 -0.498178 -0.36228 
0.234779 -0.710917 0.449528 0.273932 -0.188922 0.978061 0.584802 0.615606 -0.909179 -0.138198 -1.59108 -0.182493 0.903548 0.697352 -0.855027 0 -0.194598 0.205679 0.603284 -0.79642 0.240455 
-0.136444 -0.37445 0.787996 -0.932003 -0.00251807 1.91622 1.06488 -0.226133 -0.780539 -1.68523 -1.20839 -0.308803 1.54502 1.19815 0.115663 0 -0.00310185 -0.662831 0.260916 -0.116542 -0.135974 
-0.246709 -0.680048 1.16234 0.278692 0.289864 -0.430094 0.380271 -1.09705 -1.40941 -1.18449 0.292043 0.213112 0.626069 1.03923 -1.04577 0 0.290096 0.453983 1.03229 -0.725285 -0.246828 
-0.0665238 -0.688185 1.60877 -0.410313 0.234331 -0.0658643 0.555877 -0.728145 -1.12946 -1.30951 -1.44935 -0.406682 -1.23086 0.761012 -1.39537 0 0.235446 -0.428765 1.79632 -0.857289 -0.0673899 
0.217303 -0.453176 0.88338 0.213833 0.0757121 1.60783 0.669338 -1.34873 -0.47746 -1.13425 -0.738086 -0.485114 -1.95307 1.20355 0.307522 0 0.0750531 -0.0111367 1.38778 -0.732611 0.217742 
-0.119853 -0.113325 0.00221407 0.421001 0.248634 -1.35609 0.430218 -0.952708 -1.12455 1.52059 0.439411 -1.3236 -0.60457 0.298934 -1.72392 0 0.251935 0.141816 0.641986 -0.473914 -0.122918 
0.080614 -0.420157 0.97706 0.0222587 0.387392 1.18517 0.397195 1.56223 -0.250976 -0.990483 0.52029 -1.20696 -1.81161 1.13359 0.695012 0 0.389911 -0.178407 1.62524 -0.867677 0.0788112 
-0.387795 -0.95492 1.92766 -0.808629 0.0117457 0.68048 0.314016 -0.782108 -1.04845 0.296015 -0.890173 -1.29529 0.103376 0.847744 -1.64293 0 -0.010865 -0.558944 1.44021 -0.71719 -0.365657 
-0.0638958 -0.500652 0.551355 -0.26966 0.0644472 1.60928 1.15244 -1.96326 -0.108449 0.208493 1.22263 -0.824502 0.989384 0.478451 0.884134 0 0.0644553 -0.280715 0.559144 -0.497385 -0.0639036 
0.231651 -0.207457 0.605504 -0.790747 -0.202811 1.09221 0.267657 1.31834 -0.100179 -1.80418 -1.4305 -0.27149 0.459612 1.05 0.596582 0 -0.203414 -0.825846 0.75051 -0.317364 0.232185 
-0.110446 -0.509074 0.50227 -0.0429661 0.119703 0.602933 0.135948 0.808395 -0.0828617 -1.04604 1.38517 -0.618164 0.746887 0.269645 -0.588495 0 0.120223 -0.0646354 0.541529 -0.526664 -0.110966 
0.308484 -0.533399 0.959952 -0.546209 0.152645 0.0280691 -0.232036 0.52989 -1.41505 -1.09696 -1.93258 -0.288107 -0.0328456 0.135988 -1.13542 0 0.137857 -0.914043 1.69205 -0.897653 0.3231 
0.0625436 -0.346641 1.16436 -0.888034 0.32926 1.2021 1.12831 -0.957866 -0.296123 1.42497 1.44184 -0.76685 0.293098 0.387306 0.0985089 0 0.360906 -1.25035 1.71208 -0.532012 0.0310325 
-0.354267 -0.899669 2.02806 -1.04385 0.316595 1.94042 0.742309 1.3386 -0.972284 1.7942 1.83485 -0.116632 -0.794967 1.3555 0.917714 0 0.309518 -0.996034 1.98762 -0.907047 -0.347235 
