-0.382907 -0.199675 1.0865 -0.860739 0.300408 0.440956 0.348923 -0.229856 -1.04959 1.02099 0.670512 0.0800616 1.0677 0.68357 -0.0397286 0 0.284812 -0.768611 0.941315 -0.146623 -0.367319 
0.316524 -0.763343 0.944071 -0.213072 -0.252183 1.46919 0.750129 -0.795378 -0.914145 -0.490824 -1.04921 -1.22151 -1.85629 1.1962 0.961866 0 -0.262529 -0.257379 1.06005 -0.835017 0.326862 
-0.187822 -0.158333 1.028 -0.675115 0.0393841 -0.216595 0.237179 -1.10341 -0.0578121 -0.249323 -0.316476 -1.21348 -0.0790902 0.880883 -1.08699 0 0.035045 -0.480314 0.704471 -0.029608 -0.183602 
-0.104315 -0.233035 1.17418 -0.941799 0.0842727 -0.185023 0.710993 0.323451 -1.03717 1.04151 1.71782 -1.26169 0.56602 1.35246 -0.482865 0 0.0831003 -0.920589 1.14028 -0.220343 -0.103143 
0.242032 0.0554766 0.458486 -0.460206 0.325101 -0.0667314 -0.248082 1.65376 -1.25459 0.988065 -0.0512523 -0.266811 -0.585579 1.26033 1.78633 0 0.339825 -1.11896 1.56165 -0.388932 0.227343 
-0.051238 -0.75781 1.53793 -0.77348 -0.243137 -1.10901 0.31707 1.94005 -0.738558 -0.2048 0.967298 -0.864959 2.06041 1.38913 -1.50005 0 -0.227107 -0.530699 1.06055 -0.523214 -0.0672669 
0.186967 -0.850287 1.47006 -0.935392 0.211252 -1.44946 0.458007 0.310047 -0.805325 1.81243 1.01859 -0.0514866 -1.24082 0.109317 -0.131761 0 0.211735 -1.21204 1.9783 -1.08187 0.186527 
0.113703 -0.561565 1.02898 -1.0633 -0.033916 -2.01514 -0.19295 -0.789506 -1.01675 0.583997 -0.515292 0.149915 -0.644919 0.535288 -1.47665 0 -0.03417 -1.12956 1.18657 -0.652887 0.113889 
-0.278877 -0.948694 1.55348 -0.165267 -0.265016 1.52336 -0.306501 2.03951 -1.3513 -1.5558 -0.16579 -0.753458 -0.190826 1.14808 0.21713 0 -0.265315 0.219866 0.591697 -0.372042 -0.278621 
0.0956189 -0.71167 0.902254 0.304621 -0.0693968 -0.305139 0.464514 0.720839 -0.364433 -0.364642 -1.32414 -0.538164 -0.214399 0.374923 -1.3091 0 -0.0695126 0.245917 0.992618 -0.743329 0.0957117 
-0.183211 -1.13276 1.88141 0.0936437 -0.166027 -0.531332 -0.313411 1.41613 -1.17974 -1.24132 -1.05983 -0.573149 1.05446 0.675034 -1.16861 0 -0.166074 0.153095 1.52566 -0.83646 -0.183193 
-0.0166575 -0.801603 1.40229 -0.0552454 -0.0119005 -1.00482 0.694543 1.85631 -0.81507 1.29564 -0.158617 0.107308 -0.0290956 0.202124 0.0475639 0 -0.0119035 -0.0404589 1.36208 -0.776181 -0.0166552 
-0.204827 -0.225315 1.20158 -1.21929 0.19618 -1.43635 1.0616 -0.632833 -0.861653 0.016271 -1.32002 -0.737742 -1.86154 1.31806 1.37381 0 0.195872 -1.21434 1.14734 -0.176037 -0.204534 
-0.0793212 -0.422477 1.47403 -0.959321 0.0390408 -0.990607 -0.0269253 -1.98436 -0.274031 0.524268 1.04518 -0.844734 -0.272077 0.349976 -0.932438 0 0.0378914 -0.920607 1.41805 -0.405212 -0.0781797 
0.0494191 -0.361486 0.343881 -0.47715 -0.0231087 1.59995 1.00008 0.382272 -1.4095 0.643514 2.03132 -1.11139 -1.6217 0.333898 -1.4438 0 -0.0231774 -0.534068 0.472343 -0.43303 0.0494759 
0.198078 -0.622624 1.2712 -0.289711 -0.127388 0.408387 0.299863 0.521243 -0.95686 0.380637 -0.55511 -0.927206 1.2876 1.13595 1.62221 0 -0.128548 -0.3814 1.39416 -0.653897 0.199121 
-0.0689688 -0.206254 0.474886 -0.732076 0.13368 -2.07266 0.304552 0.695025 -0.722768 -0.934914 -1.59505 0.0788792 0.414919 0.619554 -1.08685 0 0.134158 -0.850147 0.645029 -0.258326 -0.0693707 
-0.272416 -0.812345 1.44857 -0.634374 0.378841 -0.133643 0.310406 0.598996 -1.38556 0.580191 1.21214 -0.912978 -0.653727 1.37288 -1.13498 0 0.40295 -0.700132 1.59138 -0.889394 -0.296525 
-0.370969 -0.293928 1.7206 -1.40623 0.319547 0.237662 0.112076 1.77098 -1.41171 1.66862 -1.97625 -1.10973 0.226267 0.401512 1.42226 0 0.305353 -1.3575 1.67005 -0.292107 -0.35678 
-0.0208758 -0.769168 1.15526 -0.263962 -0.183804 -0.840951 0.980683 -1.81603 -0.511931 0.426859 -1.58845 -0.12217 1.66898 1.4893 -1.05446 0 -0.177495 -0.0811753 0.73171 -0.528409 -0.0271145 
0.0786941 -0.668732 1.33199 -0.918898 -0.133757 -0.915827 0.778388 0.721086 -1.51964 0.37328 -1.5652 -1.15615 -1.36593 0.804086 -1.36264 0 -0.132715 -0.855908 1.248 -0.647732 0.0777046 
-0.00353709 -0.848002 0.853658 0.354564 0.0395137 -0.290372 0.464373 -1.46678 -0.863167 -0.0584075 0.0192779 0.0826472 0.821904 1.40419 -0.184466 0 0.0395835 0.340384 0.910151 -0.890315 -0.00359926 
-0.077596 -0.249508 0.738947 -0.459747 0.00916625 1.62869 0.0236023 -0.807787 -1.44238 0.859945 -1.82796 -0.156348 0.170042 0.91198 0.0785874 0 0.00768216 -0.346167 0.523437 -0.147579 -0.0761129 
-0.150391 0.111478 0.862011 -1.19537 -0.0583171 -0.426598 1.26785 -0.660403 -0.654484 -1.71766 1.14809 -0.871337 -1.37454 0.971146 0.249811 0 -0.0603564 -0.810488 0.2179 0.370711 -0.14843 
-0.293878 -0.483305 0.707016 -0.589507 0.276141 1.97972 0.640611 0.281486 -0.27377 -1.32135 -1.02117 -0.0821115 -1.02763 0.063 -1.40786 0 0.275573 -0.605133 0.634265 -0.394927 -0.293365 
0.160249 -0.663673 0.97421 0.085451 0.20027 0.410162 0.986781 0.115095 -0.0940425 1.05371 -0.624415 -0.148252 0.413226 0.344377 -0.846095 0 0.200776 -0.0957125 1.51223 -1.02053 0.159813 
0.126397 -0.643965 1.11165 0.0162911 -0.0498781 -1.91476 1.25572 -0.571513 -1.09579 0.311971 1.67024 -1.2836 -1.972 1.3069 0.53885 0 -0.0502714 -0.0683761 1.25945 -0.707092 0.126717 
-0.0929457 -0.981065 1.74735 -0.700769 -0.233294 -0.514826 0.0158841 1.38623 -0.565825 0.998493 -0.932976 0.200829 0.276144 0.790215 -0.860468 0 -0.221132 -0.498456 1.28743 -0.723471 -0.105067 
0.12771 -0.963003 1.86148 -0.380256 -0.0622127 0.68973 0.0333977 -0.321798 -0.979689 0.558216 0.210043 -0.572649 1.14711 0.597245 -1.25398 0 -0.0624492 -0.450966 1.95162 -0.982432 0.127888 
0.127918 -0.913689 1.04994 -0.366531 -0.0647687 1.13425 -0.122491 -1.25168 -0.647976 -1.74316 2.08434 -0.0921232 -0.227065 0.117741 0.658303 0 -0.0660349 -0.395211 1.15063 -0.985701 0.129133 
0.0359654 -0.346169 0.713186 -0.362412 -0.0360654 -0.723757 1.29573 0.148782 -0.356353 -1.04597 1.35955 -1.17639 -0.518828 0.339414 -1.37187 0 -0.0360636 -0.362426 0.713043 -0.346012 0.0359636 
-0.157667 -0.83819 1.47278 -0.235923 -0.150241 -1.54558 0.818033 0.42897 -1.16049 1.35104 -0.0217286 -0.95154 0.849149 0.9308 -1.28646 0 -0.150344 -0.0333564 0.976221 -0.544201 -0.157576 
-0.0634152 -0.832534 0.856053 0.0931551 0.0835363 1.37059 0.880063 1.36769 -1.30224 1.14017 -0.769827 -0.994978 -0.89981 1.25987 -0.123357 0 0.0841424 0.0857458 0.888534 -0.857606 -0.0640148 
0.109711 -0.243057 1.13724 -0.922915 0.10463 -0.853241 0.723289 0.266387 -1.11561 -0.403813 -0.11917 -1.00705 1.60788 0.398387 0.591918 0 0.104256 -1.1363 1.46451 -0.356949 0.110085 
0.134719 -0.942939 1.69041 -0.552677 -0.0938209 -1.58378 1.22268 -1.84634 -0.19837 0.603922 -1.79625 -0.790712 -0.799658 0.213092 1.55426 0 -0.0949117 -0.592493 1.74784 -0.960558 0.135775 
0.0302883 -1.18103 1.34666 -0.124508 -0.0381562 1.90273 0.452665 -1.23386 -1.14146 -0.283216 -0.491359 0.183586 1.26744 0.519672 0.122299 0 -0.0379738 -0.122934 1.33713 -1.17307 0.0301062 
-0.14606 -0.694392 1.41369 -0.202172 0.0899523 1.5295 -0.0376701 1.735 -1.18728 -1.12518 -1.10289 -1.16834 1.3044 0.59664 0.257781 0 0.0896075 -0.11998 1.30698 -0.66987 -0.145788 
0.0579429 -0.766105 1.27335 0.0159534 -0.094286 1.43729 0.216367 -0.63859 -0.0823025 0.8265 -1.64471 -1.15371 -1.63999 1.48322 1.60582 0 -0.0941489 0.000762748 1.24388 -0.721444 0.0578358 
0.111708 0.0497769 0.209583 -0.484061 -0.0084846 -0.278241 0.504059 1.4947 -0.104337 0.594382 0.556234 -0.389822 1.90705 1.47053 1.57844 0 -0.00983726 -0.725912 0.671819 -0.170608 0.11301 
-0.338058 -0.500385 0.902478 -0.54649 0.293311 0.848503 0.0278823 -0.692081 -0.133105 1.02614 -1.61328 -0.047007 0.906082 0.282936 0.109137 0 0.288647 -0.516937 0.798114 -0.425572 -0.333465 
-0.336318 -0.171623 0.806344 -0.590018 0.354781 -0.136144 0.148995 -0.115158 -1.33246 1.7143 0.756342 -0.652081 1.6616 0.79788 -0.864598 0 0.358024 -0.608751 0.855268 -0.201814 -0.339556 
-0.0809939 -1.14258 2.10727 -1.2227 0.0640668 -0.49516 0.791818 -1.89474 -1.43842 0.94705 1.51877 -1.15439 -0.70874 0.538696 -0.616783 0 0.0639029 -1.23038 2.08772 -1.11535 -0.0808402 
0.219577 -0.39287 0.25721 -0.0710537 -0.105641 0.526582 1.12178 -1.00619 -0.219011 1.52808 -0.38894 -0.804272 1.66622 0.943961 1.6589 0 -0.110114 -0.266104 0.694059 -0.634667 0.223911 
-0.184929 -0.335109 0.664551 -0.17453 0.189156 0.0187466 0.288641 -0.514231 -0.105278 0.988083 -1.64249 -1.30858 0.52522 0.298326 1.52214 0 0.189405 -0.161623 0.668961 -0.352426 -0.185174 
0.102533 -0.762081 2.00209 -1.03628 -0.0428589 0.270912 1.08476 0.792559 -1.22896 0.450004 -1.92119 -0.33713 -1.7217 0.354491 0.401091 0 -0.0437266 -1.09163 2.06804 -0.772691 0.103367 
0.172756 -0.913043 1.51948 -0.723555 -0.0098803 -1.5878 0.803627 0.750026 -1.20848 -1.69462 1.46145 -0.798699 -1.24441 1.3793 -0.322394 0 -0.0161783 -0.81359 1.73565 -1.03918 0.178981 
-0.273544 -0.762824 1.18087 -0.366858 -0.0480996 0.398554 1.00903 -1.89086 -0.483089 -0.697093 0.731733 0.254661 -0.69907 0.351775 -0.172696 0 -0.0653166 0.0283424 0.344455 -0.321613 -0.25636 
-0.030424 -0.632072 1.61546 -1.08984 -0.11021 -0.964935 0.389081 -1.40493 -0.318866 -1.04565 0.250312 -0.0466386 -1.19152 1.12843 0.751192 0 -0.107725 -0.96735 1.41983 -0.558936 -0.0328874 
-0.379032 0.060008 0.802336 -0.969673 0.386535 -0.92765 0.286125 1.45815 -0.722036 1.3626 -1.54796 -0.485163 -2.0206 0.506989 -1.21906 0 0.387752 -0.971918 0.766611 0.0979774 -0.380238 
0.195761 -0.202216 0.539668 -0.821741 -0.174904 -1.867 0.970999 1.52409 -0.480807 -0.913475 0.0373481 -0.0428547 -1.44913 1.05211 -0.936968 0 -0.175166 -0.853947 0.683723 -0.314064 0.195978 
0.299897 -0.985713 1.35052 -0.361258 -0.133667 -0.449711 1.15076 -1.11676 -0.532426 0.707428 -0.789342 -0.32421 -1.62347 0.410701 1.58476 0 -0.160339 -0.441426 1.57595 -1.13097 0.326569 
0.126493 -0.287611 0.655295 0.269622 0.0213201 0.780394 0.50435 1.69154 -1.09382 -0.691361 1.5912 -0.166481 1.09232 0.850129 1.31842 0 0.0210195 0.09521 1.00672 -0.464624 0.126702 
0.135061 -0.812416 1.22824 0.0599157 0.0376355 -1.53469 0.894267 -0.468745 -0.0792507 -1.45285 -0.824041 -0.134596 -0.894374 1.05661 -1.37172 0 0.0372111 -0.0345672 1.4802 -0.969897 0.135402 
-0.0213269 -0.0622261 1.06994 -1.04474 0.0500403 -1.99116 1.21582 2.02947 -1.11197 -0.356329 -0.0510261 -0.935273 -0.951854 0.974263 -1.43838 0 0.0506825 -1.07712 1.11696 -0.0768685 -0.0219684 
-0.335934 -0.835536 1.82256 -0.806087 0.340394 1.95852 0.389629 0.459707 -0.869853 -0.784378 -1.82237 -0.80112 1.57751 1.00147 -0.878374 0 0.340776 -0.758223 1.82349 -0.884335 -0.336305 
0.136955 -0.150147 0.607805 -0.606582 -0.0169773 -0.00968332 1.2404 -0.115658 -0.187479 -0.695512 0.0603313 -1.04192 1.05212 0.741143 -1.82199 0 -0.0200416 -0.77464 0.921807 -0.296091 0.139968 
0.201651 -0.0476901 0.632536 -0.408493 0.138455 0.0967984 1.03964 2.00117 -1.13449 -0.205871 -0.39191 0.0300041 -0.781499 0.0727017 0.106676 0 0.13543 -0.802255 1.32666 -0.348053 0.204603 
0.239948 -0.111511 0.247645 -0.290051 -0.181174 -0.570821 0.899981 -0.654413 -0.768296 1.68871 1.16864 -0.857706 0.491754 1.03085 0.610864 0 -0.18507 -0.427863 0.546392 -0.272444 0.243776 
0.127936 -1.09072 1.83914 -0.270609 -0.156025 0.378938 1.17802 1.12142 -0.606999 0.757243 0.685541 -0.953499 -1.66913 1.43862 0.753491 0 -0.155845 -0.330084 1.84057 -1.03267 0.127793 
0.185715 -0.923961 1.4394 -0.455558 -0.248102 1.14281 0.497976 -1.38573 -1.02334 -1.33684 -1.36931 -1.0194 1.4986 1.18642 -0.797847 0 -0.240491 -0.428741 1.35321 -0.864594 0.178126 
0.155959 -0.803244 1.17732 0.213914 -0.215703 0.933817 0.588516 -1.23685 -0.66108 -0.430221 -0.654181 -1.06072 -1.9872 1.39409 -0.051483 0 -0.21528 0.142373 1.17708 -0.731472 0.155653 
0.15268 -0.385335 0.943154 -0.438382 0.0468782 -1.63074 0.996239 1.87748 -0.45517 -0.836008 -1.07477 -0.310727 -0.105687 0.46281 0.67664 0 0.0426539 -0.631735 1.30997 -0.558802 0.156858 
-0.322947 -0.505996 0.443605 0.257318 0.29327 1.86272 1.12938 -1.09206 -0.428158 -0.853348 0.822032 -0.641474 0.285853 1.17563 0.830535 0 0.290962 0.453702 0.0993186 -0.358095 -0.320704 
0.0325055 0.0752335 0.752748 -0.997879 0.117107 0.955566 0.891703 -0.690693 -1.4339 -0.302026 -1.80693 0.101749 1.46938 0.706787 0.182662 0 0.118938 -1.18687 1.03336 -0.0163855 0.0307173 
0.0441396 -0.061867 0.648117 -0.796593 0.146836 -0.829809 0.298113 0.536135 -1.52718 -1.57014 -0.569802 0.154106 0.0737337 0.628493 -1.47726 0 0.149066 -1.04902 1.05772 -0.219047 0.0419871 
0.0573696 -0.768911 1.85496 -0.928005 0.130266 -0.101126 0.418921 -0.731842 -0.977781 -1.75595 -1.97602 -1.09996 1.23498 0.799559 0.161375 0 0.132251 -1.04924 2.07627 -0.868977 0.0554313 
-0.0649857 -0.253304 0.884456 -1.22549 -0.0418425 -0.464283 0.241392 -0.162426 -0.496285 0.74671 -0.00905685 -0.245295 -0.569154 0.374599 -0.569426 0 -0.0418942 -1.0769 0.634072 -0.151501 -0.0649481 
-0.232398 -0.3897 1.1809 -0.767274 0.408235 0.23325 0.174272 -1.0187 -1.46156 -1.71328 -1.56266 -1.13108 0.248076 0.304434 0.781384 0 0.444274 -0.917469 1.44623 -0.504849 -0.268421 
-0.176069 -0.476564 1.13829 -0.884345 0.205134 -0.575816 0.32759 0.230765 -1.51446 0.169282 -0.087086 -0.856587 -0.592786 1.48218 0.393086 0 0.206316 -0.929561 1.17264 -0.4657 -0.177206 
0.113254 -0.336621 0.649946 -0.368015 -0.0672238 0.32338 -0.0635432 1.43127 -1.49374 -0.60564 1.66868 -0.918003 0.989667 1.17782 0.67948 0 -0.0692613 -0.431381 0.779282 -0.402591 0.115287 
-0.248141 -0.92599 1.72194 -0.836726 0.219684 -1.81446 0.688831 0.944606 -1.45114 -1.82204 -1.48095 -0.941863 0.661338 0.423733 0.524447 0 0.215202 -0.826623 1.68644 -0.900591 -0.243665 
-0.136759 -1.04089 1.53019 -0.518392 0.0515355 -0.567802 0.792882 1.28938 -0.789548 1.56059 -1.56597 -0.588144 0.479754 1.1183 1.55874 0 0.0463869 -0.473821 1.41094 -0.966203 -0.131614 
-0.0374796 -0.640471 1.76595 -1.16825 0.0953762 -0.996337 1.02687 0.553413 -1.0605 1.08403 1.29331 -0.759988 0.867909 1.36973 0.630928 0 0.0982455 -1.21792 1.8354 -0.660254 -0.0403442 
0.249389 -0.126435 0.112878 -0.0726226 -0.122658 0.106235 0.321736 -0.928959 -0.961968 0.00909118 -1.89136 -0.395711 1.09909 0.363792 -0.345473 0 -0.132877 -0.366091 0.711049 -0.431134 0.259552 
0.168846 -0.470394 0.667867 0.144681 -0.188442 0.905175 -0.106697 -0.63601 -0.501479 -1.77168 -0.60677 -1.24248 -1.24731 0.399883 1.47871 0 -0.18802 0.11241 0.666268 -0.436525 0.168461 
-0.123277 -0.852231 1.19282 -0.0991443 0.0625862 -1.789 0.120079 0.610094 -0.399109 0.723579 -0.185442 0.0810896 -0.151234 0.211489 -1.73768 0 0.0615219 -0.0403545 1.07541 -0.793611 -0.122261 
0.182623 -0.941048 1.49315 -0.18477 -0.169758 -1.85974 0.758685 -1.02026 -1.22079 -1.27386 1.07952 -0.792486 1.72094 1.46306 -1.14324 0 -0.169952 -0.247886 1.54317 -0.927957 0.182796 
-0.262616 -0.767727 1.88896 -0.881497 -0.251664 -1.2239 0.649004 -1.39824 -0.311461 -0.276174 0.340749 -1.28407 1.48397 0.0722937 -0.414883 0 -0.252216 -0.497586 1.16541 -0.428082 -0.262088 
0.0907219 -0.9222 1.7647 -0.135127 0.0459553 1.93855 0.975741 -0.657051 -0.0902565 0.77525 -0.839293 -0.371211 -1.458 0.309065 0.234168 0 0.0458974 -0.18261 1.91716 -1.02718 0.0907524 
-0.27313 -0.27203 0.486926 -0.28259 0.284746 1.39774 0.660054 0.487606 -0.581025 0.908386 -1.67551 0.148089 2.00455 0.348133 -1.32847 0 0.286205 -0.314091 0.530202 -0.283805 -0.274585 
0.096901 -0.692232 1.49251 -0.913329 -0.216935 1.59518 0.106018 -1.3139 -0.2642 -0.958558 2.08488 -0.0448016 -1.39091 0.939349 -0.00908685 0 -0.209108 -0.804141 1.31471 -0.623623 0.0891528 
0.120723 -0.462524 0.795433 0.231074 -0.0610393 0.908858 0.404264 0.678154 -0.291372 -0.669884 -0.597832 -0.0619494 -1.63417 1.35531 1.63791 0 -0.0612971 0.132108 0.959773 -0.527898 0.120918 
-0.0933032 -0.835 1.35092 0.126479 -0.15652 -1.05409 0.322361 1.52626 -0.265212 -1.12604 1.79991 -0.195802 -0.849251 1.21118 -0.746321 0 -0.156246 0.240026 0.986753 -0.584378 -0.0934891 
0.175861 -0.785146 1.48231 -0.244707 -0.102079 -1.32787 0.974065 -0.763321 -1.12257 1.02501 0.737429 -0.768593 -1.52044 0.224292 -0.474738 0 -0.102696 -0.334747 1.60278 -0.815576 0.176374 
-0.0362278 -0.411078 0.504999 0.251987 0.0767593 1.78804 0.164676 1.08798 -0.325454 0.488192 -2.01872 -0.73006 0.67063 0.175959 -0.260633 0 0.0770263 0.21209 0.615623 -0.481805 -0.0364708 
0.215034 -0.590791 1.00563 -0.341304 0.0319058 0.763456 0.780229 -0.241863 -1.54214 -1.1569 -0.850263 -1.26992 -1.22736 1.29825 -0.447812 0 0.0198394 -0.539441 1.4266 -0.813625 0.227049 
0.116865 -0.448444 1.14844 -0.744592 0.226462 -1.1013 1.19871 -1.95428 -1.25204 1.23858 1.39304 -0.0540465 -1.65147 1.43157 -0.705538 0 0.239027 -1.04453 1.663 -0.663057 0.10432 
-0.0905256 -0.707147 1.96032 -1.23873 0.221329 1.35379 0.358167 0.589634 -0.498698 -0.700659 0.951969 -0.0124286 -1.62428 1.36233 -0.101312 0 0.24181 -1.34399 2.10557 -0.747136 -0.111003 
-0.122905 0.0365045 0.150441 0.070841 0.173922 1.97222 0.583592 -0.879129 -0.264002 -0.927992 0.714565 -0.0867791 1.42786 0.126753 0.429005 0 0.175346 -0.0693164 0.465568 -0.138465 -0.12426 
-0.243549 -0.351901 1.21637 -0.930888 -0.0179657 -1.83001 0.721574 -0.63455 -0.754034 1.30056 0.354331 -0.49874 -1.44481 1.4867 0.855877 0 -0.032055 -0.61722 0.666325 -0.115521 -0.229506 
-0.180863 -0.636726 1.60948 -1.16534 0.135026 0.459041 0.257149 -0.434311 -1.26397 1.06606 -0.800649 0.268074 1.68593 1.02826 -1.16716 0 0.133248 -1.14109 1.53813 -0.589626 -0.179138 
-0.0354201 -0.157064 0.307436 -0.135398 0.255882 -0.351147 0.0341597 1.27381 -0.871256 1.54842 -0.720246 -0.955032 -0.489557 0.706224 -0.033026 0 0.273625 -0.477022 0.985363 -0.493368 -0.0531601 
0.165559 -0.104562 0.73724 -0.826956 0.122189 1.63093 0.707814 2.04683 -1.22928 1.48509 1.65446 -1.06059 1.00347 0.240804 -1.62883 0 0.120654 -1.16297 1.28153 -0.312837 0.167047 
0.163138 -0.264429 0.733627 0.0954282 0.190872 1.24251 1.24113 1.26823 -0.390551 -0.44361 0.750812 0.0296616 -1.77115 1.03669 -0.399529 0 0.19109 -0.189704 1.38054 -0.626213 0.162974 
0.302657 -0.352819 0.864787 -0.473368 0.245843 0.303107 1.13893 -0.239425 -0.967436 0.631673 2.0365 -0.823211 1.86214 1.51437 -1.17153 0 0.234969 -0.948583 1.74812 -0.760935 0.313517 
0.152939 -0.53784 1.30262 -0.846843 -0.188759 0.652067 0.195203 -0.00616385 -1.31288 -1.347 -1.41792 -0.662078 1.39798 0.768107 1.56573 0 -0.18577 -0.807429 1.24792 -0.522552 0.149965 
0.0190163 -0.589425 1.12014 -0.255186 0.0361632 0.00492175 -0.237428 -0.773616 -1.48491 0.828372 1.43004 -1.14301 -1.02402 0.853175 -1.69114 0 0.0362384 -0.296763 1.2156 -0.643307 0.0189455 
-0.164044 -0.10292 0.976663 -1.10524 0.154888 -2.00257 0.0343802 1.9943 -1.33552 1.6917 -1.54887 -0.89687 1.57787 0.104903 -1.33762 0 0.1546 -1.09267 0.921643 -0.0604767 -0.163769 
-0.307994 -0.347934 0.716266 -0.460166 0.363092 0.608209 0.34318 -0.0409236 -1.31239 -0.794491 -0.971379 -0.219315 1.62125 1.08666 -1.66212 0 0.37099 -0.543781 0.845758 -0.393809 -0.315844 
-0.0364612 -0.256881 0.274348 -0.362798 0.129161 1.98793 0.801582 0.830293 -0.254624 -0.740532 -1.00839 -0.0499566 1.19169 0.749109 1.81695 0 0.130116 -0.57377 0.656152 -0.427712 -0.0373329 
-0.182299 -0.728705 1.72968 -0.916452 0.276884 -0.845321 0.0836599 -1.58829 -0.443882 -0.236369 1.08137 -1.03087 -1.02628 1.21814 -0.325308 0 0.288793 -0.967461 1.84727 -0.795299 -0.194135 
-0.0339389 -1.02315 1.97137 -0.197792 0.0186032 2.01145 0.00793331 0.806728 -1.21077 -0.887868 0.654996 -0.361255 -1.30898 0.518893 1.12651 0 0.0185966 -0.174645 1.94631 -1.02124 -0.0339358 
-0.070378 -0.808443 0.712923 0.0602311 -0.0487196 1.76013 1.11881 -1.80333 -1.07175 0.607121 -2.00544 -0.150158 1.97987 1.03389 -0.89653 0 -0.0493906 0.256368 0.276558 -0.568216 -0.0697076 
-0.0534917 -0.497188 0.779927 -0.717012 -0.108106 -1.86283 0.836693 1.73784 -1.5137 0.851147 -1.47357 -0.451134 0.824824 1.48716 -0.985184 0 -0.10771 -0.290862 -0.0325779 -0.110833 -0.0538349 
-0.253499 -0.777221 2.0965 -1.37206 0.152492 1.98603 0.369842 -0.293652 -0.676966 1.0135 0.594788 -0.100839 0.0904705 0.702366 0.273856 0 0.137165 -1.29729 1.98264 -0.738129 -0.238212 
-0.101277 -0.51491 0.987467 -0.247257 0.078616 -0.773513 0.973606 -1.583 -1.2523 -1.05586 1.6485 -1.09402 -1.66002 0.41324 -1.5714 0 0.0781753 -0.210741 0.93398 -0.497938 -0.100853 
0.126067 -0.603751 1.46597 -0.860308 0.19822 -0.556711 0.391326 -1.35681 -0.977412 -1.11573 -0.0525885 -0.0117038 1.40185 1.16526 0.249334 0 0.208117 -1.11079 1.89071 -0.778006 0.116171 
0.26017 -0.464884 1.29771 -0.737244 0.269534 0.0758179 0.465069 0.230151 -0.0755214 -1.2162 -0.445882 -0.39549 -1.72507 0.965817 1.54374 0 0.270806 -1.1569 1.99618 -0.743701 0.258909 
-0.195597 -0.794504 1.0875 -0.307208 0.165569 -1.21529 -0.0491709 -1.4165 -0.303308 -0.997558 -1.09295 0.245879 1.79093 1.22585 0.714107 0 0.162444 -0.284962 1.0329 -0.762149 -0.192473 
-0.0389428 -0.486704 0.796445 0.103106 0.117284 -1.3216 0.0808057 -0.018216 -0.224603 1.05854 -1.50588 -1.2878 1.17082 0.816498 1.24528 0 0.117794 0.0577866 0.943396 -0.588335 -0.0393865 
-0.23976 -0.225485 0.954694 -1.00296 0.203603 1.79802 -0.0193071 -1.72429 -1.4229 0.826284 -1.05429 -0.283782 -1.84841 0.0766247 1.1209 0 0.202319 -0.961628 0.828335 -0.140459 -0.23855 
-0.0738173 -0.832518 1.42942 -0.435246 0.0799809 1.91595 1.12449 1.55179 -0.879119 -1.56339 -1.52478 -0.321492 0.528473 0.330976 -0.857262 0 0.0801263 -0.429067 1.43447 -0.843741 -0.0739596 
-0.271844 -0.591684 1.82561 -1.18839 0.217205 -1.73957 0.524906 -0.914276 -0.629267 0.500944 0.959534 -0.256344 0.225633 1.45181 0.835978 0 0.207883 -1.13731 1.7648 -0.581946 -0.262538 
0.0655946 -0.433986 0.598413 0.109778 0.089127 -0.0535938 0.222255 -0.643424 -0.765617 -0.324009 -0.60332 -0.136749 -0.470102 0.506872 0.334029 0 0.0894227 -0.0563241 0.974323 -0.643793 0.065316 
-0.369406 -0.852615 1.26725 -0.355339 0.311974 0.83531 0.25189 1.20173 -0.494345 0.173565 0.694886 -0.551004 0.242962 1.2977 0.243565 0 0.301543 -0.301724 1.16823 -0.807208 -0.359003 
0.183081 -0.866356 1.09332 -0.163103 -0.141701 -0.57345 1.07315 -1.31166 -0.160217 -1.67373 -0.296024 -0.448716 0.754416 0.328123 1.11728 0 -0.145371 -0.199538 1.17029 -0.90689 0.18674 
-0.115394 -1.16093 1.82613 -0.855278 0.0987382 0.0157825 -0.185327 -1.42032 -0.683752 0.489291 1.65678 -0.141886 2.06513 1.51857 -0.594135 0 0.0983054 -0.865031 1.80989 -1.13494 -0.114975 
0.00025444 -1.04271 1.94844 -0.826428 -0.142291 0.156984 -0.233968 -0.0182056 -1.14526 -0.0241556 -1.7469 -1.0578 -1.81347 1.24337 -0.630355 0 -0.136558 -0.75564 1.77658 -0.941633 -0.00544796 
-0.143547 -1.17087 1.32105 -0.176343 -0.0944634 -0.75467 0.771289 -0.492513 -0.815747 -0.587321 1.3018 -0.911978 -0.722994 0.600695 -1.65878 0 -0.0979137 -0.0415245 0.931114 -0.915756 -0.140098 
0.154085 -0.200739 0.210828 -0.441948 0.0715801 0.454756 0.360307 -0.19635 -0.332723 0.160047 2.05198 0.297179 -1.81796 0.690477 0.951735 0 0.0708101 -0.829797 0.964903 -0.566965 0.154749 
-0.0422034 -0.798542 1.83194 -0.990152 0.0994626 -0.758769 1.31048 -0.668266 -1.52764 0.823497 -0.029566 0.303068 1.70352 0.120187 0.459989 0 0.102495 -1.02778 1.90207 -0.831045 -0.045231 
0.226823 -0.676871 0.976136 -0.136397 -0.262262 -1.12417 0.938473 0.0396933 -1.52439 -1.50034 2.01304 -1.28857 -1.91949 0.488715 -0.409155 0 -0.259628 -0.137565 0.927213 -0.626781 0.224241 
-0.138656 -0.724244 0.921131 -0.165699 0.145875 1.21868 0.822964 -0.575779 -1.49886 0.655791 1.26302 -0.925132 1.05014 0.493448 1.09793 0 0.146449 -0.168543 0.933511 -0.73378 -0.139229 
0.245985 -0.801617 1.55106 -0.819505 -0.164642 0.342836 0.213303 0.891153 -1.30574 -0.703767 -1.45227 -0.906364 0.218001 1.53008 0.167631 0 -0.17422 -0.864838 1.65982 -0.865038 0.255524 
-0.00292696 -0.772272 1.0466 -0.150931 0.0588901 -1.37231 1.17779 0.519839 -0.720378 -1.22056 -0.910114 -0.858768 1.6502 0.493801 -1.59195 0 0.0595708 -0.18844 1.14446 -0.832626 -0.00359958 
-0.0364809 -0.453178 0.395786 0.101973 0.15885 1.75589 0.885455 -1.63644 -1.26321 1.19177 -0.198001 -1.26763 -0.659003 0.0397186 0.44694 0 0.165161 -0.0763764 0.786734 -0.665778 -0.0427821 
0.136698 -0.786831 1.39159 -0.381711 -0.137926 0.133743 -0.277932 -1.67392 -0.371399 1.49451 0.097791 -1.11517 -0.607691 1.41977 0.509591 0 -0.137891 -0.404995 1.39929 -0.77124 0.136664 
0.186725 -0.496865 1.14618 -0.438238 0.241632 -0.764406 0.936732 0.146362 -1.06602 1.76603 1.93101 -0.20203 -1.85826 0.740231 -1.09215 0 0.244088 -0.7427 1.77263 -0.81885 0.184361 
0.0383485 -0.824114 1.20352 -0.577648 0.116222 0.324714 0.361201 -0.913561 -0.124581 0.0672397 -1.04007 -1.15544 0.626873 1.16858 0.0576259 0 0.117694 -0.694812 1.44897 -0.952399 0.0369222 
-0.000560298 -0.843966 1.65328 -1.12042 0.082134 -0.408079 0.966896 0.712267 -0.531693 -1.11676 1.98663 -0.944408 -1.02182 0.113577 1.57449 0 0.0825161 -1.19069 1.75563 -0.876057 -0.000910996 
-0.284526 -0.219829 1.02765 -0.817285 0.213158 -2.0085 1.06564 0.198833 -0.43328 1.35271 -0.829412 -0.611232 -1.65889 0.209727 -0.773179 0 0.203201 -0.734581 0.884053 -0.158933 -0.274569 
-0.216306 -0.871315 1.95971 -1.17007 -0.0534705 1.17797 0.372852 -0.478781 -0.845254 -0.673591 1.12643 -1.05573 -0.0520099 0.0505614 -0.800972 0 -0.0652027 -0.975103 1.62209 -0.728643 -0.204638 
0.156086 -0.268669 0.893121 -0.606527 0.0081431 0.218942 -0.1087 0.947517 -0.714155 0.121261 0.690391 -1.21626 -0.702157 0.180926 1.14389 0 0.000860309 -0.784439 1.20969 -0.407332 0.163367 
0.0141451 -0.595305 1.06465 -1.11344 0.0441178 0.387945 0.0679169 1.39466 -1.43933 0.76494 1.77394 -0.439471 -0.333003 0.548782 0.893749 0 0.0441502 -1.17552 1.15995 -0.628521 0.0141229 
0.0486588 -0.126103 0.183221 0.46736 0.0156028 2.04332 0.655778 1.14248 -1.07746 0.229938 0.698505 0.265109 -1.44763 0.188535 0.0383364 0 0.01554 0.297287 0.528505 -0.301313 0.0487089 
0.0759889 -0.831408 1.40632 -0.0647155 0.0294795 1.83463 -0.0859551 1.84191 -1.07026 -0.55937 0.659338 -0.74463 0.937531 0.707443 1.73063 0 0.0293691 -0.118942 1.55031 -0.921172 0.0760748 
-0.0595685 -0.538982 0.769559 -0.58632 -0.0726259 -0.815011 0.378759 0.521506 -1.46646 0.292294 1.47927 -0.318542 1.11344 0.291994 1.07091 0 -0.0725201 -0.330877 0.270957 -0.295823 -0.0596648 
-0.213086 -0.477414 1.4185 -1.34654 -0.175428 1.8373 0.631233 -1.51614 -0.568504 -0.1594 -0.246841 -0.655467 -1.66009 0.0775547 0.489598 0 -0.176074 -0.919648 0.734944 -0.220751 -0.21252 
-0.099392 -0.486923 1.37857 -0.877842 0.318756 1.56623 1.24552 -0.34126 -1.01637 -0.715182 -1.97298 -1.27336 -1.61204 0.0705253 -1.57678 0 0.35261 -1.05829 1.67788 -0.605788 -0.133241 
-0.042273 0.00148142 0.29775 -0.108642 0.0464549 -1.74282 1.14181 1.33065 -0.353569 -0.0521665 0.626113 0.151418 0.566211 0.944236 1.7985 0 0.0465037 -0.119512 0.327258 -0.0171567 -0.0423205 
0.158428 -0.545478 0.615647 -0.272402 0.22711 1.09448 0.75687 0.528381 -0.634579 -0.374573 1.03198 -0.834149 -1.18219 0.814398 1.52791 0 0.230272 -0.638588 1.39344 -0.957089 0.155367 
-0.0459676 -0.255231 0.763754 -0.505668 0.328636 -0.682254 0.318034 0.941722 -0.161625 1.29597 0.841545 -0.963371 -0.57618 0.833799 -0.604394 0 0.361548 -0.80417 1.31005 -0.503024 -0.0788793 
-0.00838576 -0.657099 0.742744 0.243463 0.0462934 0.603245 1.27259 -0.903538 -1.40702 0.48931 1.4107 -1.31531 -1.20096 0.292932 -1.64114 0 0.0464155 0.217808 0.819101 -0.707802 -0.00849743 
-0.0816418 -0.261685 0.420006 -0.557561 0.0626788 1.55893 1.24946 -1.06272 -0.977988 -1.38691 -1.30795 -0.184213 -0.762117 1.51452 0.936808 0 0.0625415 -0.507411 0.296014 -0.187842 -0.0815203 
0.0035064 -0.901732 1.45274 -0.450739 0.162852 1.56824 1.29729 -0.423234 -0.0810748 1.45071 -1.65346 -1.10795 0.321598 0.27827 -0.067212 0 0.169247 -0.530132 1.67403 -1.04363 -0.00283423 
0.167194 -0.132823 0.590234 -0.866577 -0.0941574 -0.61894 -0.262007 -0.596561 -0.720849 -0.942294 1.70098 -0.579971 0.0571443 0.519465 -0.403858 0 -0.0949735 -0.975838 0.831029 -0.264358 0.167906 
0.00748593 -0.800481 1.07509 -0.615031 0.0455383 1.27941 0.961163 -0.495741 -0.521088 1.05783 0.964755 -0.733367 1.74777 1.42364 0.122611 0 0.0456596 -0.665369 1.17249 -0.847538 0.00737519 
0.0101548 0.0560384 0.879394 -1.14944 0.00764539 0.337197 0.00860671 1.33751 -1.17831 0.677791 -0.34053 0.222457 2.0257 0.202595 -0.777586 0 0.00764059 -1.17189 0.913032 0.0448496 0.0101594 
0.282541 -0.587494 1.00519 -0.523078 0.327553 -0.755931 1.02346 1.70317 -0.273818 0.914007 0.845365 -1.01782 -1.07604 0.521279 -1.27699 0 0.333931 -0.96494 1.90164 -1.04208 0.276224 
0.292793 -0.864028 1.58343 -0.357065 -0.263699 -0.572502 1.05759 -1.98697 -1.49085 1.12068 0.0720441 0.105789 -0.473259 0.40286 1.49626 0 -0.264416 -0.456192 1.65146 -0.832931 0.293433 
0.0510801 -0.706764 0.73488 0.0171057 -0.175585 -0.660492 -0.0604675 1.47945 -0.177463 -0.628237 -0.710178 -0.161762 0.541524 1.30131 -0.982837 0 -0.168494 0.217539 0.291816 -0.464134 0.0440007 
-0.284593 -0.942349 1.80496 -0.0824781 0.279157 -0.345132 -0.251264 -1.31759 -0.303643 1.29204 0.789467 -0.725826 0.298796 1.3501 -1.22372 0 0.279134 0.128891 1.6639 -1.01266 -0.284583 
0.138846 -0.759838 1.31424 -0.370992 -0.125591 1.21147 0.0729329 -1.32311 -0.983125 -0.166183 -1.05998 -0.454907 -1.96046 1.44377 -0.0741794 0 -0.126062 -0.398583 1.34238 -0.760394 0.139305 
-0.0964215 -0.912335 1.21818 -0.283911 0.11694 -1.72232 0.253928 0.401003 -0.352296 -1.65091 -0.463087 -1.14589 -1.75932 0.903628 -0.563783 0 0.118321 -0.294779 1.24983 -0.933113 -0.0978018 
-0.350598 -0.665322 1.02877 -1.03529 0.345362 0.949234 1.22444 0.656374 -0.148606 0.395672 0.994408 0.00680242 -1.99138 0.84986 -0.97545 0 0.345298 -1.09439 0.906865 -0.48431 -0.350555 
0.0353213 -1.10836 1.38072 0.033143 -0.0453037 -0.246919 -0.299163 -1.3936 -0.310042 0.0139787 -0.796348 -1.00684 0.48908 0.751372 -0.404695 0 -0.0452586 0.0243795 1.3783 -1.09717 0.0352798 
-0.163596 0.101903 0.169009 -0.31398 0.219714 -0.166308 1.19025 -0.272581 -0.267415 0.367916 1.26882 0.165624 -1.79381 1.33147 0.00617339 0 0.225032 -0.484564 0.485877 -0.0443804 -0.168906 
0.187167 0.0253655 0.44952 -0.477323 0.111483 -2.06642 -0.185898 -1.41639 -1.14026 -0.482996 0.310614 -0.109617 -1.22971 1.53066 -1.52794 0 0.104534 -0.887192 1.17061 -0.285852 0.194116 
-0.357643 -0.684266 1.51215 -0.521515 0.335416 0.769276 0.310335 0.721625 -1.34513 -1.14613 1.82516 -0.225554 -1.67714 0.347373 0.549243 0 0.334447 -0.429214 1.46294 -0.727359 -0.356745 
-0.0688582 -0.635125 1.12658 -0.326649 0.138599 -0.705609 0.807453 -1.56832 -0.546648 0.746651 0.253374 0.248899 -0.866662 1.18742 -1.2106 0 0.140788 -0.368487 1.24183 -0.708542 -0.0710006 
-0.208153 -1.06201 1.48283 -0.528797 -0.263823 -0.577465 1.03983 -0.112347 -0.77993 -0.412827 -0.033012 -1.06784 -0.472758 0.598517 0.389262 0 -0.258681 -0.123146 0.560062 -0.544883 -0.213252 
0.0114433 -0.611411 1.0379 -0.132821 0.0239205 0.268185 0.209478 -1.35708 -0.704656 -1.61984 0.506773 -1.06466 -0.81181 1.30239 0.810321 0 0.0239526 -0.15979 1.10255 -0.649094 0.0114133 
-0.0328507 -0.353018 0.93235 -0.827096 0.0539474 1.31372 -0.105601 -1.63378 -0.503266 1.41432 1.53648 -0.993132 -1.26126 0.469174 0.689594 0 0.054121 -0.855136 0.970792 -0.363419 -0.0330162 
0.2085 -0.794012 1.25772 -0.327074 -0.131446 0.817242 0.843502 1.16422 -0.577953 -0.0951635 -1.11878 -1.0266 -0.643219 0.404302 -1.49005 0 -0.136206 -0.394628 1.38472 -0.853459 0.21319 
-0.0792903 0.0849686 0.220808 -0.385078 0.219265 1.39393 -0.115275 -1.84519 -1.27395 -1.46193 -0.92047 0.288079 -0.901326 0.123108 -1.24587 0 0.228929 -0.680134 0.756677 -0.155841 -0.0889094 
0.105785 -0.683335 0.854722 -0.425276 0.121249 -0.446083 0.56437 -0.502533 -1.48435 1.17757 2.01816 -1.31767 -1.5413 1.27826 -1.4858 0 0.121567 -0.627611 1.28602 -0.912302 0.105483 
-0.317817 -0.0405172 0.396193 -0.0928563 0.358771 1.92946 1.29899 -0.211454 -1.4901 -0.257167 0.175199 -0.854091 1.73037 0.189761 -1.21518 0 0.361271 -0.130157 0.556684 -0.163709 -0.320194 
-0.088497 -0.620614 1.32511 -0.833641 0.193246 -1.80307 0.294541 0.50255 -0.415096 -0.0729425 1.35019 0.014429 -1.13151 1.51141 0.568864 0 0.198885 -0.931294 1.47944 -0.677285 -0.0940604 
0.0351006 -0.270877 0.725966 -0.87775 -0.0272494 1.72158 1.10328 -1.53225 -1.3175 -0.409468 0.444572 0.26433 1.19029 0.220098 0.835984 0 -0.02727 -0.887925 0.756672 -0.291409 0.0351184 
-0.173813 -1.15524 1.45453 0.133233 -0.153444 -0.523843 0.627748 0.0924278 -1.33786 1.20272 0.745653 -0.279674 -1.79836 0.904442 -1.44437 0 -0.153664 0.257886 1.00018 -0.825539 -0.173627 
-0.173619 -0.837522 1.69155 -0.617297 0.0782847 -0.469104 -0.226386 -1.40975 -1.33054 -1.41808 -0.214474 0.126571 1.25723 0.494292 0.26184 0 0.076047 -0.537292 1.55983 -0.785814 -0.171483 
0.112493 -0.391126 0.784804 -0.979351 -0.0126016 1.06177 1.17756 -0.594826 -0.953253 1.0469 0.840903 -0.939253 0.856828 0.335376 1.09799 0 -0.0128837 -1.09254 1.01549 -0.508618 0.112702 
0.162583 -0.826348 0.717113 0.231778 -0.122366 1.4218 0.208015 1.75829 -0.824451 -1.17453 -1.32283 -0.340433 -0.806757 0.970495 1.64943 0 -0.124641 0.177439 0.829612 -0.884509 0.164831 
0.0573723 -0.894183 1.47337 -0.456105 -0.0627539 -0.121449 0.34754 1.17127 -0.950311 1.44482 -1.78822 -0.241813 1.39077 0.376787 -0.488527 0 -0.062624 -0.45905 1.4682 -0.886069 0.0572439 
-0.054003 -0.835436 2.00543 -0.85088 -0.131918 -0.369735 0.00719481 -0.262588 -0.626327 -1.43939 2.04904 -1.21726 1.20013 0.29094 1.47268 0 -0.131123 -0.746712 1.78294 -0.717117 -0.0547296 
-0.385303 -0.550902 1.48866 -1.01492 0.371603 0.682625 0.43428 -0.310467 -1.17179 -1.28254 0.690989 -0.463996 1.77651 0.48328 -0.692208 0 0.368893 -1.01734 1.46109 -0.52091 -0.382606 
0.175207 -0.76819 1.20605 -0.62153 0.213857 -1.1203 0.123418 1.31346 -1.14435 -0.302469 0.595217 -0.259092 1.14289 0.352919 -1.33936 0 0.215777 -0.887309 1.76679 -1.06314 0.173341 
0.156976 -0.756987 1.57097 -0.489138 0.0725264 0.465259 0.114647 -0.746778 -0.393764 -1.01601 -0.884454 -0.0405471 -0.474135 1.32773 0.105679 0 0.0715679 -0.62436 1.86446 -0.915265 0.157846 
0.140747 -0.140613 0.491639 -0.37365 0.203 -0.0660507 0.521346 -0.104667 -0.649 -0.324944 -1.7493 -0.222279 1.88751 1.26785 0.628526 0 0.20948 -0.79781 1.27776 -0.502569 0.134269 
0.230635 -0.928301 2.06188 -0.803211 -0.209936 0.500081 1.11584 1.49576 -1.07445 1.59652 0.680068 -1.06685 -1.79462 1.36975 0.175548 0 -0.210327 -0.886071 2.08896 -0.872525 0.230988 
0.120331 -0.502748 1.04591 -0.830133 -0.106788 -0.382504 0.961401 -0.0602846 -0.73944 -1.71747 -1.18834 -0.611571 -0.902765 0.632382 -1.70204 0 -0.107025 -0.830676 1.08076 -0.537049 0.120554 
0.158573 -0.368366 0.608132 -0.705972 -0.0671019 2.01783 1.14436 -1.78489 -0.67673 1.13093 -1.51357 -0.131767 -1.59046 0.766454 1.37029 0 -0.0678616 -0.818458 0.868783 -0.516531 0.159212 
0.261432 0.123333 0.43115 -0.586562 -0.124523 -0.0844219 0.346268 1.2797 -1.14228 -1.2182 0.94325 -0.785691 -0.925361 1.51414 -0.142851 0 -0.139299 -0.813779 0.835495 -0.0537904 0.276198 
0.0408534 -1.08207 1.08458 0.0580012 -0.136048 -0.836067 0.979055 -1.09968 -0.0604867 1.67117 0.345603 -1.04041 1.63549 0.847533 -1.41826 0 -0.131277 0.107548 0.926396 -0.973432 0.036096 
-0.180038 -0.884385 1.24819 -0.347275 -0.136843 0.969905 0.070397 1.66465 -0.86489 1.19631 0.33556 -1.32324 -2.07813 1.2413 -0.787385 0 -0.140413 -0.0379314 0.553312 -0.498847 -0.176469 
-0.147471 -0.909338 2.04837 -1.15153 -0.206455 -0.804758 0.562452 -2.07555 -0.853967 -0.159497 0.841962 -0.424547 1.47181 1.01463 1.06652 0 -0.199107 -0.899678 1.61117 -0.723992 -0.154818 
0.224041 -0.25917 0.272007 -0.0893706 0.247555 -1.84216 0.367308 0.986285 -0.119747 1.58188 -0.554171 -1.11084 0.609919 0.361108 -0.235557 0 0.250414 -0.642773 1.40972 -0.843479 0.221195 
0.167339 -0.359713 0.49425 -0.15414 0.236862 -1.94756 0.813026 -0.595674 -1.21244 -1.1409 0.97366 0.22962 -1.26634 0.249187 -1.46492 0 0.245685 -0.575267 1.37376 -0.818099 0.158519 
-0.251388 -0.908535 1.76979 -0.889681 0.00938921 1.22745 0.727926 -0.17297 -0.933444 1.18292 -1.33814 -0.103043 -1.97952 1.31327 -1.67911 0 -0.0105018 -0.727003 1.44108 -0.742496 -0.23151 
0.0873465 -0.480152 1.04432 -0.61581 0.210784 0.376655 1.2138 1.7875 -0.782542 -0.157481 0.150076 -0.962483 0.410008 1.2674 -0.622581 0 0.221951 -0.878728 1.53077 -0.703679 0.0762042 
0.0694486 -0.211799 0.373383 0.353323 0.0673765 0.902827 0.807407 1.28183 -1.29103 -1.13354 1.38609 -0.961249 0.224891 0.0649086 0.550053 0 0.0673682 0.15399 0.804594 -0.443677 0.0694552 
0.24113 -0.666714 1.17285 -0.432923 0.14483 0.629169 -0.0591153 1.7543 -1.50697 1.08963 -0.78399 0.077677 -1.99542 1.22413 1.02912 0 0.133985 -0.688219 1.73718 -0.975749 0.251926 
-0.111618 -0.942582 1.96384 -1.07243 0.0621221 1.99761 0.520311 1.53513 -0.269943 -0.560809 -0.212231 -0.719528 0.516297 1.39187 -0.861555 0 0.0590487 -1.04344 1.90461 -0.912342 -0.108552 
-0.0151174 -0.646224 0.660621 0.103378 0.187844 0.025868 -0.0460256 0.188482 -0.202314 0.319466 0.0646439 -1.27786 -1.58124 1.4126 -1.70701 0 0.194976 -0.0419132 1.02923 -0.869549 -0.0221717 
-0.0299621 -0.627941 1.94965 -1.15398 0.0753531 1.76911 1.29643 1.99759 -1.2701 -1.12677 -0.534945 -0.0154856 -1.78856 0.51525 0.0249818 0 0.0760019 -1.18446 2.00396 -0.651781 -0.0305942 
-0.064913 -0.978218 1.31031 -0.172577 0.142861 -0.0258978 0.0988544 -0.137439 -0.107766 -1.5561 0.00034432 -0.594752 1.51377 0.349084 0.0286231 0 0.145365 -0.193572 1.40972 -1.05664 -0.0673639 
0.0118672 -0.0548217 0.651254 -0.333754 0.0513654 -0.0482007 0.640525 0.529852 -0.697842 -0.353625 0.847134 0.057049 -1.21771 0.676576 0.996584 0 0.0515926 -0.422868 0.82312 -0.137574 0.0116514 
0.082479 -1.11776 0.948412 0.311905 -0.20353 0.958623 0.683739 -0.837455 -0.812048 -1.07796 -1.89583 -0.119918 -1.89933 0.565318 0.110293 0 -0.197474 0.356998 0.761368 -0.975816 0.0765237 
-0.0910878 -1.05358 1.39305 -0.101149 0.00734461 0.493106 0.178758 -0.80983 -0.317593 1.80365 1.43207 -0.169395 0.0835127 0.044264 -1.24631 0 0.00659143 -0.0540148 1.2667 -0.974355 -0.0903699 
0.0529314 -0.395064 1.17427 -0.715042 -0.0414803 0.415993 0.559304 2.0523 -0.994224 -1.222 -0.81361 -0.290324 1.44209 1.26147 -0.889654 0 -0.0417626 -0.727638 1.19346 -0.401658 0.0532128 
-0.0531833 -0.70398 1.39246 -0.200217 -0.113575 -0.245604 1.22288 1.17602 -1.51502 -1.67741 -1.82553 -0.643037 1.25902 0.403047 -1.76172 0 -0.113261 -0.102471 1.1369 -0.546162 -0.0534399 
0.217308 -0.358387 0.830584 -0.0884442 0.251969 0.505499 0.415577 -1.48544 -1.1102 -0.136716 -0.54671 -0.0542279 1.51943 0.983573 -0.46859 0 0.252637 -0.435867 1.60871 -0.789093 0.216721 
0.174501 -0.365734 0.73453 0.185775 0.128058 -1.54422 1.05876 -0.978805 -0.867444 -0.365296 0.0886495 -0.658445 -0.375069 1.5029 -1.73702 0 0.127743 -0.0616713 1.30341 -0.687168 0.17474 
0.061507 -0.239734 0.599866 -0.364044 0.0170184 -0.253186 0.0482772 0.159442 -0.900757 0.627082 -1.93906 -1.2807 0.0517085 0.607659 -1.08116 0 0.0160783 -0.479291 0.821967 -0.346588 0.0624471 
-0.0996226 -0.969413 1.44921 -0.455671 -0.150274 -1.50994 0.882007 -1.19703 -0.701857 0.403539 0.0799605 -0.482996 -0.908596 1.48961 0.0920094 0 -0.146653 -0.28485 1.04046 -0.731479 -0.103243 
-0.105662 -0.702298 1.26655 0.216212 0.048887 1.13354 0.666394 0.520292 -0.57897 1.29826 1.50357 -0.764598 -0.958131 1.38762 0.659296 0 0.0487927 0.298381 1.13843 -0.656354 -0.105614 
-0.297929 -0.415661 1.12923 -0.542503 0.27899 1.20489 0.804277 1.38279 -0.0761481 1.73883 -0.623819 -0.742375 -1.36029 1.41706 -1.21245 0 0.277409 -0.498554 1.09912 -0.429507 -0.296383 
0.0177832 -0.958099 1.50183 -0.0319516 -0.0294329 -0.0792443 -0.0562612 -0.101334 -1.09189 -0.926145 -0.656966 -0.120785 -1.03114 0.373304 -1.7016 0 -0.0294207 -0.0391293 1.49514 -0.944239 0.0177738 
0.0291669 -0.864714 1.50105 -0.904809 -0.00074055 -2.03764 1.18342 -0.0719585 -0.196713 -1.03497 1.45315 -1.00893 1.03083 1.53545 1.22375 0 -0.000807741 -0.9229 1.54137 -0.886943 0.0292302 
-0.00421278 -0.554566 1.63192 -1.0434 0.0990149 0.516849 1.25952 -1.33855 -0.62299 0.435065 -0.675546 0.157248 0.530154 0.944395 0.517458 0 0.102621 -1.12146 1.75359 -0.598166 -0.00781502 
0.179088 -0.0456283 0.766265 -0.654036 -0.117486 0.301942 -0.193838 0.212156 -1.0262 0.0664131 -1.88489 -0.351822 1.99484 0.499205 -0.515698 0 -0.122017 -0.737216 0.900472 -0.0966567 0.183604 
-0.303727 -0.260075 0.99535 -1.43415 0.284118 -0.206387 0.645944 1.92042 -0.464016 -1.58514 -0.204295 -1.23804 1.77478 1.35053 -0.0533178 0 0.283982 -1.3559 0.680614 -0.0235823 -0.303647 
0.099067 -0.192884 0.551335 -0.0518171 -0.0238917 1.42838 0.991364 1.11235 -0.886674 -0.343355 -1.62575 -0.645782 -1.03644 1.41851 1.76067 0 -0.0245679 -0.174444 0.778911 -0.297834 0.0996964 
-0.182752 -1.07965 1.97848 -0.373749 -0.13712 -0.619491 0.910062 -2.06325 -0.227503 -1.20251 1.15875 -1.12232 -0.437189 0.456099 0.26562 0 -0.137445 -0.2531 1.60658 -0.828391 -0.182501 
-0.0140492 -0.63299 1.13472 -1.08725 -0.128449 0.592383 0.403528 1.89031 -1.31598 1.40385 1.51892 -1.02276 -1.14794 0.509852 -1.63167 0 -0.128049 -0.921433 0.874946 -0.539031 -0.0143482 
-0.155109 -0.996876 1.56233 0.0617079 -0.183881 -0.844243 0.48706 -0.278869 -0.882456 -0.629039 0.549995 -0.406951 1.59517 0.454928 1.65409 0 -0.183714 0.187679 1.11883 -0.67934 -0.155224 
0.0687566 -0.725797 1.24664 -0.829581 -0.11517 2.01327 0.879571 1.80249 -0.107597 1.70814 -2.04391 -0.884721 -1.46433 0.0420401 -1.81491 0 -0.11458 -0.77214 1.16899 -0.705587 0.0682092 
-0.122545 -0.81582 1.14006 -0.513722 -0.0327577 -1.1006 0.00257819 0.339271 -0.358283 0.381642 -1.61835 -0.414461 1.73125 1.33485 0.681296 0 -0.0346004 -0.37023 0.823484 -0.642731 -0.120751 
-0.168692 -0.400896 1.47361 -1.07422 -0.0655501 -0.853065 1.2416 0.304325 -1.36916 -1.45037 -1.37286 0.102069 1.76726 1.22816 1.70348 0 -0.0728163 -0.844113 1.10763 -0.265034 -0.161426 
0.00910395 -0.29487 1.15044 -0.848399 -0.0480407 -0.144088 -0.223858 -1.94742 -0.800802 -0.495283 0.764995 -0.243367 -0.245921 1.03997 -0.275787 0 -0.0473808 -0.806863 1.08036 -0.266322 0.00844409 
-0.168444 -0.608109 1.54888 -1.27179 0.165248 -0.431376 1.16712 -0.420706 -0.40609 -0.419649 0.353835 -0.348613 0.769952 0.21874 -1.20248 0 0.165193 -1.29118 1.51914 -0.558971 -0.168393 
-0.0313675 -0.3415 1.35459 -0.834419 0.177468 -1.29258 0.865525 -0.903953 -1.2432 -0.209829 -1.27269 -0.156465 -1.57839 0.852688 0.053497 0 0.181636 -0.95506 1.56861 -0.434879 -0.0354276 
0.096544 -0.61274 0.524578 0.037687 -0.073332 -1.97326 1.22679 1.06043 -1.41387 -0.0446699 -0.782634 -0.430344 -1.91525 1.23162 0.251459 0 -0.0743239 0.00659462 0.597516 -0.654585 0.097534 
0.133369 -0.999273 1.739 -0.565038 0.0679692 1.97666 0.609624 1.09743 -0.604458 -0.779593 -0.859548 0.233629 1.15785 0.774887 1.71845 0 0.0663033 -0.653333 1.97937 -1.15134 0.134988 
0.114443 -0.693167 1.4758 -0.483368 -0.00361913 1.84591 0.722919 1.9943 -0.541722 -1.58863 0.206164 0.251704 -0.930622 0.978 -0.787828 0 -0.00445316 -0.566671 1.63145 -0.765517 0.115215 
0.0946445 -0.789391 1.12009 -0.607441 -0.0909428 0.494054 0.464033 -0.927703 -0.387973 0.968823 0.81746 -0.744787 -1.65602 0.348651 -0.149119 0 -0.0909992 -0.593272 1.12174 -0.805217 0.0946977 
0.089456 -0.4143 0.885511 -0.0395407 -0.0856038 -1.61558 1.02352 1.46095 -0.961726 1.40384 -1.64985 -0.00670171 1.70808 0.158251 -0.126784 0 -0.0856317 -0.0714953 0.909479 -0.406313 0.08948 
-0.193928 -0.922103 1.4214 -0.66674 -0.120154 -0.394892 0.973744 -0.384624 -1.04971 -1.60847 0.0971498 -0.549324 -0.465041 0.454893 -1.47509 0 -0.123587 -0.40491 0.855751 -0.618284 -0.190566 
-0.00403302 0.0461448 0.0787616 -0.126306 0.0489019 -0.0397721 0.303265 0.965664 -0.212942 0.0271417 -0.922896 -0.90092 1.19574 0.327549 1.79924 0 0.049503 -0.305547 0.428247 -0.124099 -0.00463416 
0.0287683 -0.628363 0.596156 0.389953 0.0285791 0.622992 -0.298438 0.272676 -0.850796 -1.54154 -0.0759316 -0.639594 -0.264111 0.648256 -0.0723819 0 0.0285785 0.329711 0.743569 -0.715534 0.0287688 
0.178625 -0.744635 0.509259 0.28129 -0.145261 -0.768368 -0.10136 -1.49691 -1.35046 -0.273615 -0.44445 -0.610038 -1.61325 1.53664 0.129043 0 -0.148284 0.228549 0.623156 -0.80579 0.181643 
-0.12038 -1.02694 2.03016 -0.401044 0.00596829 -1.52677 0.807236 0.314875 -0.802959 1.26092 -0.902455 -0.289773 1.27881 0.0537899 -0.774121 0 0.00576097 -0.330025 1.89343 -0.961234 -0.120241 
-0.23907 -0.266307 0.361071 -0.262945 0.308963 0.512913 1.07526 -0.680887 -0.961551 0.626747 -1.65582 -0.415788 1.10546 0.394142 -0.91574 0 0.314552 -0.422587 0.629374 -0.374965 -0.244544 
0.0898664 -0.906326 1.3881 -0.527813 -0.214566 1.77678 0.111578 1.0945 -0.229262 -0.806902 0.972421 -0.160322 0.519319 1.12359 -1.09055 0 -0.203988 -0.435684 1.1872 -0.797552 0.0793059 
0.132825 -1.07885 1.80373 -0.00101797 -0.171299 -0.188099 0.25254 -1.1214 -1.25979 -1.51913 0.524002 -1.23063 1.55064 0.827661 1.07584 0 -0.17119 -0.103971 1.83077 -1.00293 0.132769 
0.195783 -0.815145 0.66804 0.312995 -0.153832 -1.32689 0.921812 -1.73481 -0.0584172 -1.55838 -0.724843 0.102295 -0.323091 1.34403 -0.672945 0 -0.156026 0.24205 0.805455 -0.881615 0.197929 
0.0515114 0.124028 0.316289 -0.451831 -0.0530496 -1.03688 0.697688 -1.48362 -0.0596846 1.71678 0.16321 -0.758419 1.71051 0.804884 0.807349 0 -0.0530079 -0.449452 0.312597 0.12534 0.0514696 
-0.11873 -0.23761 0.921637 -1.31521 -0.122357 -0.0561821 0.537946 0.617485 -0.404763 1.61938 1.62046 -0.691091 1.54297 0.607864 1.49673 0 -0.12234 -0.899066 0.216372 0.0515092 -0.118741 
-0.235019 -0.792041 1.31373 0.0287989 0.193513 1.24765 0.488934 -1.40905 -0.312951 -0.272737 -1.38879 -1.26625 0.071295 1.09482 0.738163 0 0.193135 0.155525 1.16918 -0.774218 -0.234734 
0.118567 -0.777176 1.1708 -0.0515861 0.11473 -1.27834 -0.0185198 -0.504058 -0.919633 1.56525 0.764881 -0.0293603 -2.06787 1.23664 1.2627 0 0.114687 -0.167782 1.50733 -0.997508 0.118605 
0.218227 -0.409732 0.763861 -0.714031 -0.191994 0.74498 0.231209 2.00698 -1.42466 -1.25114 -1.27218 -0.0582223 1.24562 1.47035 -0.479603 0 -0.192602 -0.720897 0.850176 -0.489181 0.218777 
0.157425 -0.607969 1.21192 0.0919931 0.112363 0.0993179 0.356611 1.97831 -1.2533 -0.225812 -0.42147 -0.0276149 1.25513 1.47833 -0.93991 0 0.112215 -0.0444681 1.58058 -0.840166 0.157513 
0.0321807 -0.266237 0.810365 -0.200615 0.126841 -1.53456 0.138524 1.13774 -0.0927575 1.19998 0.989463 -1.01159 -0.410004 0.99119 0.867292 0 0.127726 -0.354537 1.13815 -0.4401 0.0313748 
-0.146814 -0.775958 1.35484 -0.0789734 -0.049616 0.0801241 -0.0212235 -1.40727 -1.4362 0.91978 0.369594 -1.11678 -0.394508 1.40317 -0.107713 0 -0.0501727 0.0635396 1.02635 -0.589983 -0.146365 
0.0014794 -0.474785 1.34544 -0.916906 0.140639 0.0438909 0.866444 1.67667 -0.533914 1.41324 -0.224326 0.0527101 1.47033 0.960957 -1.22342 0 0.146987 -1.04437 1.55015 -0.552031 -0.00485677 
-0.234699 -0.661266 1.35809 -0.751582 0.327346 -0.249944 1.24075 -2.02245 -0.712761 0.564172 -0.264691 -0.51809 -1.92283 0.15188 0.806576 0 0.342556 -0.831906 1.49097 -0.713812 -0.249873 
-0.108176 -0.677714 1.23907 -0.660857 -0.0744242 0.0895428 0.780308 0.358207 -1.49892 -1.65232 0.014512 -0.857733 -1.80563 0.0452692 0.0545626 0 -0.0757211 -0.482667 0.884032 -0.500869 -0.106889 
0.155506 -0.768972 1.31293 -0.897843 0.0793484 0.0875701 0.57487 1.78697 -0.187426 0.434163 0.270917 0.0165331 -0.728999 0.506736 1.23828 0 0.0784845 -1.07045 1.6506 -0.934039 0.156282 
-0.0767602 -0.679931 1.59822 -0.390443 0.153073 1.66958 0.387207 1.9618 -0.513255 1.70047 1.24711 -1.11261 -0.527508 0.301753 -1.06703 0 0.153463 -0.380605 1.6804 -0.771943 -0.0770604 
0.160154 -0.460076 0.7461 -0.737095 0.0632756 1.56499 -0.12089 1.76651 -1.02073 0.295318 -0.480222 -0.358846 -1.85862 1.01383 1.76259 0 0.0624904 -0.975531 1.20557 -0.681105 0.160818 
-0.0514033 -0.844098 1.51925 -0.91508 0.0213645 -1.5731 0.476453 -1.00486 -0.823462 0.294289 -0.275505 0.228369 -1.365 0.967177 -0.925835 0 0.021158 -0.898143 1.47583 -0.817614 -0.0512063 
-0.063051 -0.544709 1.26613 -0.914553 -0.127855 1.04095 0.786099 -0.259876 -0.876888 -1.19473 2.05932 -1.02259 -1.63904 1.46049 -0.366679 0 -0.126258 -0.712422 0.911646 -0.392359 -0.064603 
-0.0389648 -0.593303 0.623939 -0.0297559 0.088905 1.05951 1.1738 -0.376208 -0.504117 -1.0258 -1.08347 -1.25438 0.312386 0.386743 1.78336 0 0.0906751 -0.0926518 0.762496 -0.668964 -0.0407349 
-0.179868 -0.780514 1.02251 -0.145474 -0.0129379 1.01201 0.535557 -0.275306 -0.66136 0.140213 -0.784059 -0.815764 1.25443 1.06592 -0.584342 0 -0.0197755 0.0699254 0.544738 -0.518142 -0.173078 
0.115656 -0.314665 0.88711 -0.492058 0.249051 0.838587 1.05741 -0.383479 -0.907955 -0.241419 -0.382899 -0.877297 -1.0184 0.429972 -0.381895 0 0.261712 -0.830778 1.51791 -0.606753 0.103061 
-0.0116638 -0.44264 0.761522 -0.537149 -0.112463 1.37609 0.401133 0.242594 -0.471279 0.601126 -1.76321 -0.537811 1.21192 0.720716 -1.06946 0 -0.111029 -0.295173 0.300689 -0.223782 -0.0130484 
0.0707067 0.133579 0.145926 -0.197094 -0.0734049 -0.754804 0.588716 0.448793 -0.129738 -0.0501635 -0.602173 -0.264403 0.597585 0.822725 0.523848 0 -0.0733222 -0.171859 0.090907 0.163364 0.0706244 
-0.242091 -0.790037 1.52496 -0.948025 -0.25314 -1.45895 -0.0464102 1.42089 -0.663736 0.208758 -0.694286 -0.949813 -0.0597452 1.06354 -1.11338 0 -0.252503 -0.431954 0.545848 -0.326994 -0.242707 
-0.218966 -1.1627 2.07781 -0.193418 -0.243261 -1.80479 1.19988 -1.88142 -1.04683 -1.46725 -0.0896183 -0.0831366 1.4186 0.654495 0.698141 0 -0.243129 -0.0964998 1.59677 -0.778584 -0.219041 
0.16315 -0.537169 1.04922 0.0123463 0.135786 -1.25619 -0.0378479 0.750515 -0.764189 -0.65504 -1.29969 -0.023741 0.88226 1.16141 -0.191665 0 0.135598 -0.171921 1.50699 -0.81067 0.163295 
0.0581944 -0.251975 0.592515 -0.0522423 0.0577527 -0.21937 0.486224 1.68098 -0.658991 0.240893 -1.33395 -0.566384 2.03162 0.842619 -0.84523 0 0.0577487 -0.202635 0.901185 -0.410253 0.0581982 
-0.0756966 -0.403765 1.36309 -1.15838 -0.115785 -1.36598 0.45879 1.75025 -1.47557 1.49769 0.803711 -0.38705 -1.48028 0.857652 1.31062 0 -0.114839 -0.95991 1.05451 -0.293662 -0.0766127 
-0.0712806 -0.465302 1.24076 -0.503253 -0.0718707 -2.05708 1.13862 -1.47691 -1.33627 -0.476479 -0.518673 0.155611 -0.397212 0.882511 -1.40462 0 -0.0718635 -0.367077 0.97497 -0.335691 -0.0712874 
-0.206913 -1.1196 1.57243 -0.156054 -0.247766 -1.81388 0.767415 1.69982 -0.150428 -0.445653 -1.64015 -0.294581 -0.944076 1.22145 -0.673076 0 -0.246448 0.0791315 0.879938 -0.662289 -0.208142 
0.1816 -0.501986 1.24588 -0.769152 -0.0948392 -1.27397 1.17167 -0.721626 -0.144387 0.274262 0.52 -0.0243163 -0.108261 0.784099 -1.72263 0 -0.102353 -0.84438 1.38408 -0.564956 0.18911 
-0.267545 -0.67474 1.13942 -1.07545 0.258824 -1.20379 1.18872 -0.990408 -1.17027 -0.54305 0.327847 -0.83369 0.230013 0.771931 -1.11103 0 0.25873 -1.1197 1.05585 -0.546919 -0.267477 
0.158631 -0.351958 0.747562 -0.595081 -0.0523326 0.520281 1.14579 0.638049 -0.550871 -0.128289 -1.09927 -0.967608 1.57869 1.21143 -1.44787 0 -0.0551288 -0.717147 0.996995 -0.479325 0.161343 
0.12197 -0.546248 0.399346 -0.0617033 0.00967211 -1.55831 1.08732 0.816184 -1.10616 -0.839366 -2.01548 -0.267399 1.59578 0.7566 -0.787767 0 0.00790451 -0.246692 0.808977 -0.770889 0.123681 
-0.123285 -0.715079 1.07198 0.199284 0.152967 -1.09474 -0.160442 1.34873 -1.45859 0.688311 1.08804 -0.329574 1.17586 0.425784 -0.608266 0 0.153138 0.255412 1.05157 -0.750798 -0.123413 
-0.116131 -0.746111 1.33319 0.145284 0.0301093 -0.150688 0.18938 1.55115 -0.648057 -1.75854 -1.29518 -0.309069 -0.788659 0.339683 1.02586 0 0.0299539 0.233722 1.17348 -0.674847 -0.116043 
-0.219383 -0.986418 1.13403 -0.0242145 0.120564 0.736439 0.0266322 -0.329995 -1.49122 1.23077 -0.0842895 -1.00178 -1.26858 0.624881 -1.56859 0 0.113965 0.0575353 0.943729 -0.877874 -0.212863 
0.153523 -0.0996049 0.737002 -0.774005 -0.198427 -0.829926 0.537851 -1.75866 -1.48573 -0.445504 1.70471 -1.01551 -0.23772 0.589901 1.28227 0 -0.195648 -0.70381 0.636614 -0.0694111 0.150783 
-0.207472 -0.530245 1.14179 -0.83755 0.150753 -0.377279 -0.284351 -0.566183 -1.15076 -1.80129 1.98782 -1.20589 -1.95233 1.18388 -1.49305 0 0.148584 -0.796066 1.02522 -0.455161 -0.205387 
0.135255 -0.0809162 0.397559 -0.170746 -0.0637512 0.687029 0.734387 0.358036 -0.843163 -0.531603 -0.610287 -0.941826 -0.331045 1.21297 -1.77208 0 -0.0661006 -0.314106 0.662058 -0.202056 0.137568 
0.027301 -0.898567 1.63963 -0.915089 -0.00284726 -1.42027 -0.11976 -0.8343 -0.759196 0.98721 1.38898 -0.594685 1.49691 0.555654 -1.46248 0 -0.00295058 -0.929836 1.67221 -0.9164 0.0274017 
-0.0205167 -0.930933 1.20613 -0.311564 0.254229 1.34214 0.250234 -0.786459 -0.802052 -0.684694 1.56264 -0.442802 -1.18866 0.998173 -1.40683 0 0.27607 -0.439135 1.5464 -1.14362 -0.0423335 
-0.0964747 -0.654715 1.20625 -0.623598 -0.0764229 -1.64233 0.995452 0.680557 -0.101549 0.480952 1.60067 -1.15816 -0.297103 0.815688 -1.35897 0 -0.0772375 -0.450836 0.86174 -0.482968 -0.0956632 
0.121125 -0.662866 0.728148 -0.180883 0.0789462 -1.10797 1.22263 -0.169901 -1.5296 1.81717 0.0670659 -0.752656 -1.36211 1.512 0.99047 0 0.0772383 -0.364546 1.14773 -0.898784 0.122815 
-0.0287844 -0.725416 1.65835 -0.888729 0.209602 0.742758 1.1292 -1.88014 -0.138974 -1.26372 -0.193484 -0.433177 0.157203 0.589267 1.03926 0 0.225447 -1.01233 1.88631 -0.829785 -0.0446026 
0.145656 -0.319956 0.986085 -0.755855 0.254857 -0.483505 1.26946 -1.23422 -0.856655 -0.705988 -0.458215 0.181528 -0.909569 0.223262 -1.73853 0 0.266065 -1.13969 1.61455 -0.564581 0.134524 
-0.110007 -0.930216 1.12896 0.0488424 0.174431 -0.296538 -0.179809 1.30411 -0.499729 -0.710708 1.32888 -0.977323 -0.445843 0.753699 1.69184 0 0.175987 0.0506802 1.19668 -0.99977 -0.111484 
-0.228506 -0.843267 1.95563 -1.12455 0.121644 1.9796 0.245158 -1.41984 -1.047 0.431949 0.650408 -1.13097 0.382459 0.332265 -1.54919 0 0.106677 -1.04968 1.82812 -0.790619 -0.213542 
-0.308197 -0.824903 0.894515 -0.107795 0.38455 -0.620527 -0.111573 -1.24907 -1.49551 0.964499 -1.96152 -1.22643 -0.389658 1.53053 -1.52367 0 0.399465 -0.177127 1.04567 -0.906725 -0.323096 
0.119752 -0.951325 1.78673 -1.00579 -0.0560599 0.786303 0.363554 -0.698386 -1.32874 -1.01524 -0.444498 -1.19222 0.350024 0.709725 1.13079 0 -0.0576143 -1.03486 1.86555 -1.00107 0.121267 
-0.144767 -0.762443 1.55005 -0.628465 -0.0632767 -0.880742 0.179606 1.23474 -1.08141 -0.426273 0.000111717 -0.83911 1.57921 0.941783 0.38416 0 -0.0659411 -0.471583 1.23157 -0.600844 -0.142155 
0.20411 -0.760334 1.33544 -0.659197 -0.0308031 0.649053 0.658779 1.14733 -1.39172 0.930843 -1.02965 -1.09157 -1.46503 0.149925 1.55923 0 -0.0413673 -0.774232 1.58754 -0.897401 0.214614 
-0.189695 -0.31251 1.39903 -0.826653 0.10275 0.766102 0.711127 1.51679 -0.931811 1.04042 -0.172048 -0.0588586 1.23254 0.0662202 0.776097 0 0.100529 -0.730837 1.28052 -0.289818 -0.187588 
0.0592111 -0.238018 0.269954 -0.461176 0.0986396 -2.02536 0.670522 0.064112 -0.924245 -1.00731 -1.5022 -1.13686 -0.208971 1.21263 1.26039 0 0.0989054 -0.757086 0.826038 -0.498192 0.0589813 
-0.183943 -0.744915 0.945017 -0.341231 -0.0116831 0.430384 1.03304 1.32681 -0.501668 -0.731574 -1.52876 -0.0218312 1.66405 0.604208 -0.655576 0 -0.0173129 -0.0742101 0.368066 -0.434983 -0.178394 
0.21071 -0.649776 1.10324 -0.46462 0.173796 0.371749 0.976425 -0.730366 -0.308353 1.75817 -0.29249 -0.608377 -1.32447 0.310425 -1.19934 0 0.168568 -0.735373 1.68778 -0.963559 0.215937 
-0.32967 -0.253635 0.354529 -0.437823 0.312539 1.50205 0.53244 -0.349201 -0.633554 0.671577 0.989565 -0.109719 -0.581714 0.500724 -0.553955 0 0.311829 -0.373912 0.127318 -0.0903352 -0.329017 
-0.122152 -0.640244 0.977675 -0.771868 0.0019738 -0.392008 1.14897 0.495583 -1.09282 -0.0290378 0.440247 -0.834229 -0.553501 1.36397 1.81833 0 0.0013278 -0.635261 0.688664 -0.48784 -0.121595 
0.0337408 -0.388977 0.780148 -0.303089 -0.0219622 1.81556 0.66621 1.78462 -0.84891 1.48648 1.03711 -0.254689 1.64411 0.0546929 -0.200339 0 -0.0221064 -0.319456 0.810363 -0.402825 0.0338842 
0.0361167 -0.383935 0.70141 -0.887974 -0.107818 0.0690218 -0.00650193 -1.63476 -1.03452 1.20228 0.480389 0.304792 -1.67793 0.5645 1.61937 0 -0.107543 -0.763371 0.512223 -0.31935 0.0359067 
0.221604 -0.245579 0.670956 -0.179442 -0.268605 -0.910547 0.172433 -0.907456 -1.22117 1.02699 1.12791 -0.162796 0.429165 0.335173 -0.714908 0 -0.266329 -0.136156 0.524172 -0.142081 0.219426 
-0.00268341 -0.071693 0.869434 -0.771686 0.0527273 -0.871013 0.0925604 -0.784105 -1.2834 -0.0268683 0.932341 0.024285 1.2987 0.441801 1.03083 0 0.0535282 -0.834149 0.974435 -0.11423 -0.00348385 
0.211396 -0.708378 0.779801 -0.108782 -0.218009 -1.93176 1.04775 -0.967916 -0.341148 1.55265 -0.286843 0.301815 0.925742 0.827787 -1.51708 0 -0.217261 -0.0943355 0.757273 -0.700298 0.210649 
-0.253347 -0.595294 0.89599 -0.302857 0.347903 1.30801 1.03383 0.936301 -0.644343 1.54054 -1.36766 -1.29186 -1.18812 0.0417879 0.221627 0 0.364206 -0.389644 1.08121 -0.69373 -0.269649 
0.0411199 -1.15278 1.6173 -0.775427 -0.146311 0.805836 -0.0348418 -1.96926 -0.875671 1.08114 -1.92273 -1.07894 1.75738 1.12317 1.69618 0 -0.145042 -0.692541 1.46561 -1.08398 0.0399478 
0.251224 -0.733865 1.38686 -0.584924 0.305584 1.0621 1.30604 -0.959171 -1.03541 1.17607 -0.180508 -0.312247 -0.967668 1.44275 -1.79426 0 0.31579 -0.903176 2.0943 -1.12306 0.241063 
0.113824 -0.972997 1.86018 -0.844543 -0.218276 0.447537 0.0781132 -0.641663 -0.679417 -0.105101 -0.3572 0.186374 0.860761 0.596245 -1.4681 0 -0.206366 -0.789597 1.73128 -0.899048 0.101932 
-0.131004 -1.17971 1.85976 -0.311247 -0.0258178 0.0849698 0.781419 -1.15491 -0.714013 -1.72599 -0.503991 -0.88991 1.21722 0.0910954 1.50727 0 -0.0264651 -0.25048 1.67128 -1.05201 -0.130434 
-0.165418 -0.610207 1.12545 0.102411 -0.096749 1.33127 1.14412 1.20374 -0.146032 1.3987 -0.159684 -1.06278 0.0377643 0.581868 1.67472 0 -0.0971399 0.368036 0.533278 -0.283655 -0.165136 
-0.191751 -0.383789 1.46462 -1.11544 -0.0353346 -1.42994 0.552761 -0.398697 -0.417164 0.273251 0.727436 0.168219 0.659962 1.15306 -1.44428 0 -0.0457116 -0.89116 1.11178 -0.255228 -0.181384 
0.064191 -0.924068 1.34008 -0.337484 -0.0319703 -1.53324 1.12513 0.136583 -0.476549 -1.45822 0.828662 -0.4957 -0.372388 0.0536783 -1.1154 0 -0.0327912 -0.359048 1.38979 -0.952211 0.0650078 
0.0830636 -0.407153 0.367496 0.424598 -0.0667395 1.32524 0.514921 1.38483 -0.583075 0.534871 1.55836 -1.19557 1.64019 0.412968 -1.42824 0 -0.0668577 0.353027 0.488847 -0.456933 0.0831686 
-0.00928288 -0.133599 0.949529 -0.929116 0.106337 -0.241488 0.0581634 -1.11334 -0.0856471 1.03741 1.54919 0.0819834 1.95879 0.514217 -1.08121 0 0.108706 -1.04175 1.12168 -0.193109 -0.011628 
-0.0312062 -0.362553 1.68294 -1.08207 0.0248692 0.364046 0.159557 0.225918 -0.331145 -0.667 0.373955 -0.238418 -1.44035 0.496582 -1.36739 0 0.0248372 -1.07335 1.67804 -0.366373 -0.0311756 
-0.0859166 -0.6443 1.7553 -0.702571 0.135839 -0.33277 0.771766 0.79396 -0.597553 1.81155 0.520102 -0.429515 -0.77098 1.39911 0.135897 0 0.136228 -0.698786 1.81648 -0.709264 -0.0862505 
0.0170071 -0.24953 0.686651 -0.429164 0.342561 0.388233 0.847571 -0.853666 -0.0426214 -0.0474884 -0.752534 -0.124247 1.98409 1.27446 1.24165 0 0.379806 -0.80457 1.38737 -0.574847 -0.0202354 
-0.115393 -0.64786 1.46065 -1.0943 -0.0445394 -1.77529 0.533585 1.74456 -1.20025 -0.860531 0.160814 -0.812796 -2.01858 0.186075 -0.918986 0 -0.0454083 -0.95257 1.21095 -0.539886 -0.114578 
-0.0191306 -0.53765 1.63337 -1.02612 -0.210459 0.404325 0.10445 -0.599014 -0.124778 -0.453074 -0.296805 0.224361 1.79878 0.373515 -1.20504 0 -0.198917 -0.828492 1.30297 -0.404879 -0.0306291 
0.000501263 -0.709962 1.08155 -0.358362 0.387683 0.704349 1.0627 -0.60656 -0.327519 -0.225832 1.10418 -0.0308707 -1.53697 1.14058 0.281385 0 0.442916 -0.600925 1.65696 -1.04283 -0.0547237 
1.03433e-05 -0.612563 1.13141 -0.0874765 -0.131974 -0.217205 0.58054 -0.743893 -0.269986 -1.53857 -0.536319 -0.467306 1.94454 1.18621 0.888965 0 -0.131267 0.000463779 0.892655 -0.461748 -0.000597965 
0.0860214 -1.13073 1.79204 -0.922639 -0.0971373 -0.363785 1.32105 0.217664 -0.18857 -1.1719 -0.272616 -0.205942 1.73254 0.718702 -1.00452 0 -0.096981 -0.896041 1.77432 -1.13961 0.0858741 
0.0494687 -1.05241 1.91113 -0.35526 0.000139774 -0.0101459 0.232598 -1.50236 -1.31788 -0.215162 0.562033 -1.12424 -0.426685 1.53139 0.304124 0 9.37175e-05 -0.380766 1.96995 -1.08572 0.0495037 
-0.164972 -1.02054 1.47325 -0.863161 0.113139 -1.18002 0.17555 0.482794 -1.4054 -0.48661 1.45129 0.17723 -1.92007 1.44191 1.7328 0 0.112538 -0.867086 1.4043 -0.947666 -0.164449 
-0.195957 -0.369379 0.308823 -0.187419 0.223486 -1.72686 1.11519 0.612963 -1.51218 1.44798 -0.938512 -0.646272 1.95555 1.27671 -1.37795 0 0.224624 -0.292174 0.466542 -0.422343 -0.197045 
-0.204005 -0.654921 0.769487 -0.126175 0.113138 -0.135084 0.8959 0.957152 -0.599083 -0.00647457 2.05704 -0.0997931 -0.756267 0.199576 -0.987511 0 0.105637 -0.000461079 0.496248 -0.507396 -0.196505 
-0.1277 -0.735341 0.8451 -0.0233481 0.168516 -1.45919 1.05317 -1.32893 -0.141602 0.762804 -1.09484 0.169224 1.44318 1.05944 0.931311 0 0.171371 -0.047638 0.921206 -0.787157 -0.130539 
0.160218 -0.933765 1.63214 -0.914394 -0.121642 0.424881 -0.00771826 -0.830366 -1.07686 1.75033 0.423046 -1.28322 -1.49668 0.280659 0.535673 0 -0.12278 -0.916762 1.68144 -0.980698 0.161312 
-0.214363 -0.683172 0.996372 -0.0614114 0.244915 0.817465 -0.284192 0.869286 -0.549008 -0.654229 0.431338 -0.861271 -1.18914 1.01554 -0.292141 0 0.246173 -0.0349181 1.01473 -0.728022 -0.21556 
0.149881 -0.421308 1.2724 -0.780607 0.213305 1.92168 0.806291 -0.0194609 -0.385638 -1.03158 0.743812 -1.0817 -0.68113 0.558517 0.0244055 0 0.220236 -1.0872 1.77968 -0.622006 0.142979 
-0.341724 -0.313189 1.05894 -1.44654 0.313492 0.553068 0.592668 1.36513 -0.814913 1.78296 -0.916744 -0.67177 -0.904244 0.799921 0.717418 0 0.313275 -1.3681 0.72429 -0.0569825 -0.341596 
0.213181 -0.987826 1.45927 -0.23012 -0.167515 -0.348657 -0.0242935 0.121093 -1.01963 1.75779 -1.23774 -0.395282 0.676218 0.69895 0.76499 0 -0.169014 -0.290617 1.54356 -1.01161 0.214607 
-0.238298 -0.229655 1.16936 -0.701658 0.195087 0.705857 0.321212 0.454467 -1.07103 -0.810193 0.554761 0.294212 -0.478445 0.580394 -1.39929 0 0.193215 -0.639027 1.11387 -0.236795 -0.236506 
-0.0904457 -0.295035 0.858559 -0.394711 0.0989171 0.777745 0.605313 0.773131 -0.337731 -0.819367 1.24387 -1.06153 0.972103 1.37681 -0.59383 0 0.0991541 -0.396984 0.879691 -0.313895 -0.0906778 
0.0251319 -0.760397 1.26273 -0.174794 -0.160311 -1.5943 1.2518 1.54766 -0.603182 1.54731 1.68355 -1.20978 0.246631 1.08147 -0.867599 0 -0.158765 -0.104052 1.04776 -0.616175 0.0237134 
0.218693 -1.09123 0.959154 0.415608 -0.163019 -1.11928 1.20082 -1.78584 -1.48772 0.335516 1.02686 0.172396 -2.02 0.65119 0.937653 0 -0.164275 0.337452 1.11088 -1.1648 0.219859 
0.234475 -0.458873 1.20525 -0.350478 0.218016 -0.887544 0.785079 -1.45863 -1.15143 -1.67977 1.45039 -0.777298 -1.73038 0.29501 1.77987 0 0.217749 -0.65437 1.83588 -0.785609 0.234707 
-0.207234 -0.659215 1.71874 -0.500373 0.202617 0.510275 1.05817 1.65797 -1.27081 0.558453 -0.0749808 -0.375398 -0.844424 0.622824 0.613177 0 0.202579 -0.404124 1.69295 -0.729674 -0.207205 
-0.0368111 -0.316432 0.932971 -0.566641 -0.0280699 -0.976481 0.66216 -0.923245 -0.398589 1.18349 0.41529 -0.579845 0.213632 0.388294 -1.14535 0 -0.0282114 -0.484716 0.780123 -0.245508 -0.0366699 
0.0921378 -0.807566 1.46881 -0.555532 0.0499841 -0.605912 0.701059 0.986038 -1.52889 -0.884131 -1.29304 -0.323198 -0.769594 0.465966 -0.971644 0 0.0486066 -0.643823 1.66532 -0.91578 0.0935024 
0.0461345 -0.432247 0.873321 -0.77417 0.0443358 0.258848 0.733117 -0.506421 -1.25322 0.678615 -0.0992832 -1.06279 -1.04773 1.35422 1.11068 0 0.0443258 -0.877394 1.06003 -0.515734 0.0461436 
0.145373 -0.60213 1.19627 -0.100919 0.168135 -0.678734 0.419858 -1.66277 -0.275646 -1.44551 -0.952194 0.191208 -1.18406 0.646767 -1.21772 0 0.16831 -0.265734 1.63489 -0.875937 0.145234 
-0.212432 -0.622635 0.934959 -0.307116 0.0854637 -0.426996 1.22345 -1.19873 -0.656672 -0.498899 -0.710366 -0.883044 0.985164 0.28339 -0.569972 0 0.0756206 -0.152081 0.609793 -0.452505 -0.202589 
-0.136405 -0.926469 1.16858 0.144833 0.0679013 1.9539 1.07352 1.45947 -0.812847 0.0099275 0.354554 -0.691737 1.88096 0.26783 0.694923 0 0.0673292 0.219001 1.0218 -0.853856 -0.135903 
-0.322828 -1.09163 1.42577 -0.44869 0.255972 -0.704887 1.15093 -0.594566 -0.993458 0.480157 1.70585 -0.831639 -1.18075 1.52357 -0.480139 0 0.247994 -0.44124 1.34752 -1.02084 -0.314931 
-0.150008 -0.267052 0.406537 0.0468434 0.179988 0.159648 0.169822 1.16336 -0.342683 -1.7362 -1.45802 -0.216505 1.21661 0.336738 -0.852583 0 0.181315 0.0119801 0.510223 -0.335876 -0.151301 
-0.149984 -1.05971 1.46097 -0.340295 -0.251173 -1.7552 -0.147304 1.14097 -0.180131 -0.140926 -1.252 -1.03874 0.531397 0.73045 -1.31959 0 -0.241081 -0.0578108 0.753681 -0.634907 -0.160049 
-0.32738 -0.626041 1.19406 0.157944 0.333893 1.18687 1.2094 -1.81431 -0.519747 -0.086935 -1.88312 -1.24762 -0.79634 1.47953 0.486301 0 0.333945 0.372956 1.00976 -0.656751 -0.327411 
0.196616 -0.0414521 0.898808 -0.822209 -0.0104152 -0.035787 0.568893 -2.05099 -0.895548 0.862134 1.38246 -0.718546 1.73512 0.107922 -1.6227 0 -0.0223973 -1.03311 1.22691 -0.158654 0.208587 
-0.27218 -0.521553 1.01166 -0.911498 0.29006 0.391303 0.927042 -0.37536 -0.883414 -1.42932 0.931035 -0.190976 -1.96706 1.32909 0.371768 0 0.290469 -0.967926 0.993403 -0.446871 -0.272534 
-0.0662211 -0.662812 1.42751 -1.16867 0.0144596 1.74675 0.918094 -1.95375 -0.736299 -0.276108 -0.490057 -0.311661 -2.00469 0.974553 -0.817261 0 0.0142891 -1.12904 1.34564 -0.620573 -0.0660726 
-0.0850843 -0.0887423 0.276882 -0.801411 0.135235 -1.16488 0.970132 -1.20181 -1.46597 1.00483 0.308454 -0.0421294 0.862869 0.733322 -0.856205 0 0.13547 -0.901166 0.395499 -0.107604 -0.0852538 
-0.214599 -0.939869 1.826 -0.547648 0.21177 0.732035 0.821556 0.0736627 -0.919093 1.25063 -0.283892 -0.601773 -1.91835 0.391428 -0.31494 0 0.211715 -0.480013 1.80129 -0.982795 -0.214549 
-0.216854 -0.485671 0.960632 -1.20785 0.207449 0.911752 0.0497809 -1.88069 -1.35938 -0.456702 0.237898 -0.435595 -1.11967 0.541532 0.181955 0 0.207393 -1.20555 0.80991 -0.337256 -0.216821 
-0.0703656 -0.542106 1.30232 -0.514179 0.0667993 -1.22638 0.46506 -1.29707 -0.306872 0.19811 0.0395467 -0.0334753 -1.96624 0.872505 0.759904 0 0.0667533 -0.500479 1.29574 -0.549228 -0.0703218 
-0.130521 -1.14736 1.55114 -0.159481 0.0436248 1.20425 0.369319 -0.620894 -0.467686 -0.188958 -1.55617 -1.31815 -1.43789 1.21051 1.09555 0 0.0423511 -0.110782 1.42666 -1.07158 -0.129312 
-0.257804 -0.113936 0.45474 -0.485336 0.276693 -0.0513278 -0.157774 -0.69091 -1.17169 -0.450811 1.20416 -0.230121 1.6383 0.799577 0.476394 0 0.278359 -0.528535 0.498944 -0.114941 -0.259445 
-0.25929 -0.351564 0.960215 -0.517886 0.296725 -1.65769 0.491703 -1.07878 -1.03666 -0.977144 -0.870827 -1.23427 -1.19949 1.49302 -0.626999 0 0.301333 -0.544715 1.03759 -0.402105 -0.26387 
0.117182 -0.680097 1.44241 -0.124503 0.13698 -1.00252 1.29341 -1.30019 -0.177509 -0.10028 1.17654 -1.09612 0.749773 0.351875 -1.75661 0 0.13705 -0.227499 1.75455 -0.889236 0.117136 
-0.188057 -0.302378 0.965573 -0.603734 0.000548839 -1.21144 0.232008 0.079791 -1.04306 0.347102 -0.452322 -0.919971 1.36654 1.50523 1.01573 0 -0.0076465 -0.318181 0.435506 -0.0578661 -0.179883 
0.0680355 -0.715853 0.745324 -0.0942162 0.026116 1.50596 0.325069 -0.786192 -0.0891117 -0.826 -0.471142 -0.0519378 1.92059 0.75414 -0.502877 0 0.025112 -0.185116 0.957417 -0.837047 0.0690362 
0.0691456 -0.0585178 1.0833 -1.0141 0.199279 -1.13919 -0.176912 0.719792 -0.774922 -1.24325 0.617509 0.206994 0.768166 1.48891 1.40321 0 0.212696 -1.29184 1.47039 -0.167865 0.0557296 
-0.0358699 -0.300232 1.37287 -1.16452 -0.174448 0.000747963 0.00844486 0.798563 -0.566249 1.69488 -1.71366 -0.707612 1.29728 1.2011 0.648778 0 -0.167644 -0.943245 1.041 -0.189628 -0.0426289 
-0.251685 -0.860401 1.91098 -0.92427 0.252832 -1.84609 -0.00784393 0.566836 -0.372283 1.48583 -1.67835 -0.351292 -1.6136 0.514534 -0.0582328 0 0.25294 -0.898023 1.91226 -0.887933 -0.251791 
-0.304104 -0.237395 1.10202 -0.921269 0.273277 -1.85878 0.948444 0.481953 -0.873594 -1.40155 -1.9216 -0.441712 1.55222 1.35373 0.354416 0 0.26851 -0.891678 1.03779 -0.202761 -0.299349 
0.151586 -0.777882 1.37503 -0.589052 0.0184526 -1.67922 0.410237 -1.00543 -0.140524 -1.40073 -1.70973 -0.0850234 -1.04616 1.18331 1.40385 0 0.0103494 -0.701938 1.61916 -0.909129 0.159688 
-0.117213 -0.192045 0.540877 -0.828228 0.135075 -0.643981 0.454976 1.11354 -0.504358 -0.63279 0.0120531 -1.0974 -0.270447 0.459338 1.24153 0 0.135227 -0.854232 0.529593 -0.154757 -0.117339 
-0.112737 0.0634689 0.686906 -0.89465 0.00419321 -1.61004 0.763851 1.83676 -0.45673 1.30796 -1.52907 -0.734573 -1.26412 1.12744 1.13245 0 0.00203337 -0.663208 0.271948 0.246984 -0.110611 
0.206094 -0.687166 1.15357 -0.305272 -0.114052 -1.58653 0.540345 -0.527716 -1.43852 -0.940287 -0.962937 0.280431 1.82017 0.746475 0.624584 0 -0.118614 -0.391313 1.31344 -0.760996 0.210564 
-0.204211 -1.18385 1.88581 -0.907937 0.14531 1.01724 0.101671 -1.28182 -1.34107 -1.47294 0.597054 -0.819744 -1.55915 0.082914 1.78682 0 0.143093 -0.910107 1.82147 -1.11733 -0.202074 
-0.299473 -0.852072 1.98299 -1.21352 0.332381 -1.37788 0.967558 0.247188 -1.49989 -0.329118 -0.149263 -0.63867 -0.313003 0.511327 0.184396 0 0.338388 -1.25768 2.01386 -0.838784 -0.305443 
-0.278622 -1.0615 2.07069 -0.351535 -0.25422 -0.429725 0.242081 0.731752 -1.39396 0.912306 0.433689 -0.581765 -0.160947 0.620776 -0.976296 0 -0.254426 -0.152742 1.4605 -0.650102 -0.278486 
-0.0722796 -1.10981 1.55144 -0.362055 0.134262 -0.858814 0.629611 1.84256 -0.835441 0.883033 -0.695518 -0.810407 -2.04272 0.302061 1.61057 0 0.13789 -0.378009 1.62549 -1.1679 -0.0758879 
-0.0246898 -0.443047 0.49621 -0.314466 0.162733 0.350158 -0.0493201 0.326367 -0.0580668 1.0522 0.687681 -0.2316 0.601762 0.761474 -1.57063 0 0.165084 -0.525059 0.894491 -0.630735 -0.026922 
-0.164496 -0.973198 1.39305 0.335017 -0.136039 -0.81116 1.11934 -2.07143 -0.697418 -1.74114 -1.19832 -1.11938 -0.110003 0.490319 0.164456 0 -0.136131 0.453051 0.982236 -0.680418 -0.164447 
-0.0470146 0.183898 0.461076 -0.701369 -0.000207935 0.000430181 0.852865 1.34005 -1.42176 1.55165 -1.23374 -0.542781 -1.13709 0.374636 1.3427 0 -0.000764108 -0.561982 0.204776 0.300811 -0.0464598 
0.00173686 -0.709166 0.723544 0.101358 0.027395 1.12335 1.06306 0.132155 -1.37449 -0.546211 -1.93005 -1.2569 -1.96292 0.596961 -0.80567 0 0.0275464 0.0730258 0.792916 -0.750206 0.00158704 
0.216144 -0.663962 0.466526 0.0587254 0.139434 1.29198 0.327626 -0.449148 -0.347372 1.36429 -2.02406 -0.971786 1.18132 0.214241 1.48946 0 0.134562 -0.255446 1.23955 -1.12282 0.220943 
-0.260132 -0.628735 1.006 0.252592 0.243088 0.906181 1.04964 -1.88298 -0.181172 0.766711 -0.680112 -0.40344 -1.07248 0.712133 1.41312 0 0.242942 0.421484 0.813586 -0.605213 -0.260032 
-0.0713772 -0.634307 1.37925 -0.6862 -0.255066 -1.14997 1.10495 -0.80254 -1.17951 0.492976 -1.63445 0.00108845 0.177968 0.785117 -0.847251 0 -0.240687 -0.364267 0.747005 -0.324004 -0.08572 
0.126626 -0.35724 0.830374 -0.338845 0.130766 1.99835 1.24458 1.10516 -0.962433 1.12699 0.215884 -0.615368 0.777488 0.466867 -0.541294 0 0.130961 -0.587776 1.32386 -0.601799 0.126434 
-0.342076 -0.275216 0.524874 -0.366964 0.378916 0.977474 0.671744 -0.705104 -0.457279 -0.550671 -0.184262 -0.420181 0.952946 0.859953 -0.564094 0 0.383854 -0.445463 0.635689 -0.30753 -0.346965 
-0.132287 -0.252695 1.4423 -1.2329 0.197519 -1.18647 1.00237 -0.0810628 -0.279341 -0.955513 -1.88734 -0.874949 -0.716487 0.0803765 0.40501 0 0.205049 -1.29731 1.52031 -0.26629 -0.139805 
0.0388514 -0.518468 0.639579 -0.22814 -0.0645277 -0.0572942 -0.170811 0.707416 -0.524318 1.50262 -1.34694 -0.520036 -1.33725 1.29939 0.441666 0 -0.0640037 -0.182691 0.551736 -0.476075 0.0383318 
-0.167415 -0.175375 0.434991 -0.17014 0.271299 0.0211714 1.11535 -1.59216 -1.26737 0.85032 -0.33803 -0.644307 -0.952053 0.601044 1.52695 0 0.281103 -0.330069 0.770932 -0.351391 -0.177161 
0.203855 0.0184742 0.284406 -0.0396114 -0.112543 0.0125107 1.0638 -1.56082 -0.209298 -0.283053 -1.14609 -0.71574 -0.537123 0.655769 -0.864454 0 -0.115177 -0.250998 0.656089 -0.141823 0.206357 
-0.0333242 -0.396669 1.01413 -0.938099 0.126271 0.232311 0.542572 1.07104 -1.04223 -0.364237 0.802497 -0.98066 0.503747 1.04508 -1.231 0 0.12719 -1.04511 1.16807 -0.443592 -0.0341689 
-0.268835 -0.40969 0.535724 -0.340117 0.227356 -1.55116 0.675052 0.788021 -1.37482 -1.78353 1.75089 -0.491797 1.88902 1.27912 0.823192 0 0.224968 -0.280446 0.364916 -0.298552 -0.266525 
-0.19534 -0.447738 0.769941 -0.0499396 0.222899 -0.0668633 0.674156 -0.570911 -0.534401 -0.674274 1.48417 -0.359156 1.31698 0.487088 1.17329 0 0.223865 -0.0354553 0.805335 -0.497616 -0.196253 
0.235242 -0.519423 1.32525 -0.81499 0.0636188 -0.204798 0.475433 -1.64295 -0.79825 1.0136 -1.16823 -0.500759 -0.529562 1.16604 -1.36811 0 0.0438953 -1.05979 1.74253 -0.691897 0.254964 
0.125295 -0.0429674 0.384689 -0.041166 0.182206 1.14902 0.571023 0.714244 -0.593274 0.915751 -0.526066 0.175692 -0.746182 0.257993 -0.863135 0 0.183461 -0.43736 1.17487 -0.43696 0.124126 
0.152404 -0.424568 0.806811 -0.2506 -0.215007 -0.568997 0.105813 -0.922304 -0.369419 0.693404 2.05405 -0.879555 -0.370692 1.42996 0.552336 0 -0.210941 -0.182335 0.64216 -0.328183 0.14839 
-0.0668818 -1.00399 1.85509 -0.689121 0.0583637 -1.21619 -0.0999097 -1.6743 -0.332684 1.51459 -1.85495 -1.07517 0.470752 0.365598 0.813562 0 0.0582063 -0.675697 1.84255 -1.00487 -0.066728 
0.116971 -0.386211 1.03634 -0.682239 0.241985 -1.4295 0.930676 -0.460301 -1.49204 -0.754082 1.89955 0.000661063 1.65337 0.228206 1.35119 0 0.257264 -1.00894 1.60341 -0.626574 0.101706 
-0.0181411 -1.06697 1.76507 -0.937927 -0.103856 0.971335 -0.0376076 -0.530643 -0.50647 -0.0022817 -0.646305 -0.042186 0.275647 0.078222 1.3694 0 -0.102892 -0.854915 1.60466 -0.989576 -0.0190596 
0.194669 -0.499806 1.00195 -0.479166 0.118254 -0.163314 0.805522 -0.643744 -0.830071 0.840949 -2.07558 0.000630454 0.836943 1.22169 -1.10792 0 0.11034 -0.742458 1.52346 -0.758025 0.202581 
-0.132868 -0.0249887 0.827452 -0.958513 -0.0412009 -1.09418 1.15639 1.39371 -1.37688 0.623452 0.766602 -0.145936 1.21016 1.11817 1.53609 0 -0.0437394 -0.612479 0.214855 0.241575 -0.130376 
0.356406 0.0777099 0.488184 -0.561928 -0.181071 0.157828 0.413025 1.38846 -1.22054 -0.692337 0.877014 -0.985839 -1.85024 0.813327 -1.28528 0 -0.208341 -0.819781 0.937645 -0.113899 0.383676 
0.118903 -0.920569 1.39664 -0.282349 -0.152594 -0.548349 0.773535 0.299389 -0.823589 0.94772 0.401226 -0.0155703 1.84078 0.282397 -0.207797 0 -0.151458 -0.286391 1.3605 -0.880384 0.117801 
-0.0353457 -0.0761443 0.92428 -0.873492 0.27904 -1.32264 1.22441 0.146584 -1.2204 0.216714 -1.14658 -0.744108 0.520174 0.180671 -0.841821 0 0.304842 -1.13802 1.32625 -0.213586 -0.0611342 
0.233259 -0.44606 0.919682 -0.539941 -0.218251 1.50829 0.0773815 -1.26566 -0.685887 0.836101 0.775876 -0.34654 1.92646 1.4315 0.661559 0 -0.219895 -0.548884 0.952765 -0.4702 0.234897 
0.0091693 -0.851841 1.05936 0.111344 0.00907508 0.0929658 -0.291722 0.92228 -0.793688 -0.537884 0.922068 -0.988464 0.451314 1.17534 -1.06712 0 0.00907498 0.100603 1.08999 -0.871734 0.00916939 
0.163988 -0.819407 1.27122 -0.588951 0.214623 0.875788 0.761471 1.26006 -1.48132 1.54204 0.569631 -0.267255 -1.1603 0.527234 1.5692 0 0.218081 -0.826582 1.80084 -1.1114 0.160586 
0.223115 -0.275131 0.841782 -0.552945 0.312525 0.335537 -0.22886 -0.690488 -0.13144 1.0088 -0.18957 0.284343 -1.92487 0.466507 1.50603 0 0.330401 -1.05044 1.7124 -0.648251 0.205241 
-0.221961 -0.152186 1.19017 -1.01013 0.334449 0.495191 0.374851 -1.99774 -0.496545 0.550939 1.89544 -0.776403 -0.0755284 0.280855 -1.46242 0 0.355169 -1.11916 1.35786 -0.210849 -0.242668 
0.0373127 -0.370151 0.987652 -0.922728 0.0321811 -1.47075 0.960197 1.70306 -1.27159 -1.34425 0.724384 0.164201 -0.561569 0.589189 -1.08904 0 0.0321569 -0.999226 1.11784 -0.423845 0.0373351 
-0.0563166 -1.17628 2.08293 -0.780525 -0.122706 -1.80348 0.648843 0.820808 -1.18749 1.43716 0.817754 -1.30643 0.323716 0.374498 -0.869392 0 -0.120359 -0.709267 1.87784 -1.04245 -0.0586301 
-0.00483684 -1.01691 1.82568 -0.955302 -0.00114865 -0.286892 0.471311 -0.585094 -0.160453 -0.198771 -2.01981 -0.87865 -0.821877 1.36818 1.7672 0 -0.00115239 -0.951902 1.81826 -1.01289 -0.00483318 
-0.264102 -0.155786 0.537972 -0.558637 0.318277 -0.925757 -0.227456 0.152343 -0.539594 0.981738 2.03066 -1.25464 -0.0635278 0.362815 0.807254 0 0.322696 -0.656844 0.669886 -0.18949 -0.26842 
0.027439 -0.0266174 0.111654 0.43549 0.0116563 1.51817 0.0535504 -1.5123 -1.04838 -0.116256 -1.58072 -0.81993 -1.961 1.06624 0.0139125 0 0.011637 0.289097 0.404934 -0.173505 0.0274545 
-0.376423 -0.430368 1.75434 -1.31071 0.101806 0.267773 0.853379 -0.408928 -1.26959 -0.913989 -0.980165 -1.19575 1.4893 0.290482 -0.485771 0 0.0575561 -1.06162 1.41203 -0.337164 -0.332179 
-0.179994 -0.530262 0.524212 0.0472014 0.219345 0.483998 -0.162171 -0.231627 -0.0408532 1.56019 -1.02228 -0.976262 2.03065 0.504514 0.776146 0 0.223412 -0.00300484 0.642459 -0.598302 -0.184056 
-0.236985 -0.183936 1.15396 -0.939356 0.230731 -1.26299 0.627103 1.33924 -0.679969 -1.75869 0.876211 -0.250553 1.15591 0.096444 -1.22062 0 0.229858 -0.931278 1.14827 -0.186325 -0.236113 
-0.209565 -0.579639 1.27604 -0.99423 -0.179216 1.07924 0.0560967 2.05309 -0.949494 -1.13245 1.09933 0.13506 1.47936 0.419953 0.827219 0 -0.180127 -0.462405 0.299411 -0.134832 -0.208713 
0.141169 -0.558413 0.686383 -0.653946 0.116447 1.84585 0.461193 -1.37281 -0.651334 -1.5383 2.06971 -0.023474 -0.967249 1.50361 -0.101888 0 0.116266 -0.928676 1.221 -0.818299 0.141312 
-0.0219564 -0.789203 1.64105 -0.811085 0.0345206 -1.08928 0.751844 -1.31562 -0.505992 -1.57274 1.28626 -1.09962 1.81892 0.986984 -1.18319 0 0.0347592 -0.818894 1.6579 -0.798248 -0.0221947 
0.070251 -0.960119 1.81507 -0.827633 0.14467 1.0036 0.314468 -0.751749 -0.544531 -0.687729 -1.2358 -1.22249 -1.3169 0.212403 -0.746237 0 0.151912 -0.942443 2.07 -1.10023 0.0630138 
0.0215649 -0.207751 0.948422 -0.508771 0.0658643 -0.0388334 0.236259 -0.0309201 -0.69096 1.43062 1.10888 -0.622383 0.642287 1.32546 -1.46473 0 0.0662666 -0.601051 1.1212 -0.288252 0.0211789 
-0.0659479 0.107704 0.730213 -1.08646 0.0699644 -0.626067 0.230334 1.3837 -1.4887 -1.43714 0.479819 -0.262199 -1.08571 0.801054 -0.99006 0 0.0700124 -1.08624 0.713019 0.124675 -0.0659935 
-0.106521 -0.532642 1.36424 -0.914259 -0.209508 -0.661638 0.138678 -1.49431 -0.10217 -0.989493 1.65969 -1.27512 -1.7442 0.787654 0.23948 0 -0.202212 -0.574233 0.75978 -0.268205 -0.11378 
-0.0459983 -0.610565 1.22099 -0.100933 -0.0193025 1.22115 1.12483 0.338248 -0.381424 -0.144558 0.144585 -1.02346 1.89024 0.542869 -0.885982 0 -0.0193527 -0.0493389 1.10846 -0.549632 -0.0459581 
0.0405779 -0.726916 1.36156 -0.962765 -0.15018 1.42158 0.212886 -1.36078 -0.999229 1.47027 -1.43678 0.157764 0.643679 0.410719 -0.46143 0 -0.14888 -0.849336 1.18888 -0.667667 0.039384 
0.22286 -0.612878 0.73183 -0.334974 0.214149 0.0368862 1.26172 -0.167423 -0.784488 -0.239498 -0.210118 -1.03836 -0.571209 1.54415 -1.80047 0 0.21374 -0.695191 1.52168 -1.04251 0.223254 
0.0367638 -0.281286 0.813796 -0.796398 0.157281 1.12217 0.364482 -1.3142 -0.223552 0.0411614 0.411294 -0.475714 0.0183833 0.562471 0.162493 0 0.159232 -1.02327 1.18576 -0.426377 0.0349195 
0.239834 -0.874978 1.38669 -0.525606 0.078298 -2.04407 -0.0434016 1.5703 -0.741088 1.59465 1.21434 -0.867743 0.0894368 0.622637 -0.941624 0 0.0576163 -0.696798 1.81156 -1.12865 0.260512 
0.0147789 -0.110473 0.642318 -0.514506 0.382677 -1.56702 0.442712 -1.02458 -0.575198 -0.250413 -1.35957 -1.04663 -1.70375 0.674313 -0.618067 0 0.430056 -0.951177 1.40695 -0.438452 -0.0325889 
-0.108737 -0.469441 1.02747 -0.788939 -0.134566 1.98289 -0.189267 0.297252 -0.895944 0.454363 -1.77911 -0.13202 1.34429 0.440526 -0.30765 0 -0.133892 -0.402695 0.305937 -0.134155 -0.109385 
-0.260463 -0.595225 0.625475 -0.00398612 0.245726 -1.27216 -0.107243 -1.33602 -1.20506 -0.717966 0.31502 0.246579 0.0380383 1.38492 -0.483356 0 0.243772 0.0233988 0.573629 -0.570764 -0.25851 
0.139535 -0.802048 1.5617 -0.348897 0.0822081 1.67335 -0.282556 2.03279 -0.898778 -0.482929 -1.16591 -0.337491 1.3732 0.161799 -0.649458 0 0.0818052 -0.460107 1.84057 -0.969711 0.139878 
-0.0344365 0.150155 0.654243 -1.00072 0.123742 -0.952858 1.18248 0.796748 -0.143737 1.32807 -1.15029 0.116639 -1.14828 0.733842 0.286243 0 0.125459 -1.12353 0.831356 0.0958485 -0.0360998 
-0.117509 -0.931462 1.98759 -1.05428 -0.142945 2.0282 0.828874 0.708158 -1.25787 0.459374 2.03036 -0.393798 -0.351539 0.653667 -0.704451 0 -0.140528 -0.878632 1.66379 -0.783308 -0.119927 
-0.0712277 -0.634866 0.712832 -0.173642 0.0477117 1.38289 0.753683 1.38911 -0.837568 0.910474 0.174127 -0.129509 -0.847529 0.343424 1.22581 0 0.0471234 -0.14716 0.649441 -0.597958 -0.0706433 
0.0788487 -0.816617 1.35047 0.181612 -0.137144 -1.65341 -0.16265 -0.897044 -0.213433 -1.68624 0.115779 -0.80369 1.06602 0.565709 -0.120482 0 -0.136988 0.134439 1.32958 -0.748549 0.0787584 
-0.00036124 -0.611751 1.38299 -0.352251 0.11734 -2.0038 -0.13116 0.342772 -0.175652 -0.981598 0.646691 -0.654557 0.570681 0.939567 0.608232 0 0.117844 -0.407082 1.5439 -0.717833 -0.000793261 
-0.113662 -0.835665 1.41261 -0.715254 0.0158343 -0.950711 0.775737 1.34659 -0.831618 -1.06119 -0.660826 -0.279485 -0.984548 0.0947813 -0.797515 0 0.013576 -0.646317 1.25888 -0.750868 -0.111437 
0.165685 -0.116677 0.744041 -0.572102 0.0635552 -0.348385 -0.137014 1.11676 -1.08185 0.967643 0.352879 -1.23947 -0.640388 0.705306 0.662542 0 0.0571209 -0.841118 1.20993 -0.313548 0.172104 
0.101123 -0.364164 0.824936 -0.0901897 0.0411482 -1.14186 1.23817 1.87029 -0.268939 1.39169 2.02726 -0.629217 0.762789 1.29724 0.490044 0 0.0407117 -0.235288 1.12021 -0.514337 0.101514 
-0.0281949 -0.862233 1.48864 -0.147063 0.00331361 -1.14576 0.592235 1.59702 -0.940495 1.75562 -0.0214591 0.158968 0.462587 1.0002 1.33915 0 0.00329228 -0.129206 1.45154 -0.842987 -0.0281776 
-0.127841 0.125185 0.483377 -0.629159 0.390645 0.080561 -0.295864 -1.21285 -1.53473 -0.330695 -0.222158 -1.16413 -0.480193 1.26384 1.62634 0 0.432604 -0.988419 1.08041 -0.112575 -0.169786 
-0.196412 -0.580346 1.21275 -0.641844 -0.0578544 0.699 0.975839 -0.0986646 -1.17165 1.09401 0.464652 0.0628476 1.77897 0.678416 -0.140192 0 -0.0669743 -0.356843 0.657641 -0.310239 -0.187293 
-0.14207 -0.199233 0.8314 -0.190622 0.198347 1.08863 -0.195764 0.080588 -0.293426 0.839463 0.801386 0.306116 1.34749 0.614951 1.71455 0 0.199119 -0.209632 0.950214 -0.299037 -0.142732 
-0.0974299 -0.0914435 0.768342 -0.679267 -0.00104791 0.19173 1.05871 1.36561 -0.72465 -1.20715 0.342481 0.0638068 -0.724028 0.838057 -0.725714 0 -0.00354162 -0.508447 0.459745 0.0463334 -0.0949361 
0.0217812 -1.10421 1.4771 -0.429292 -0.111649 0.0192827 1.08888 -0.955886 -1.27699 0.891162 -1.88694 -0.719692 0.615452 0.493458 0.770536 0 -0.108174 -0.379731 1.34685 -1.02352 0.018315 
0.103465 -0.0583244 0.211076 0.0106632 0.0831761 1.61545 0.294118 0.937257 -0.753525 -0.482189 -0.213369 0.145093 -1.97257 0.07288 1.17257 0 0.0825992 -0.330645 0.888618 -0.394558 0.10403 
-0.386794 -0.35798 1.68675 -1.25506 0.388348 -0.28813 0.644328 -0.842812 -1.27648 1.53881 -1.27611 -1.30715 -0.13465 0.168383 1.71151 0 0.388697 -1.24525 1.70353 -0.384567 -0.387142 
-0.183416 -0.475038 1.3229 -0.771116 0.240078 -1.26788 0.477629 -0.8356 -1.12491 0.629422 1.92798 -0.0276448 -1.08866 0.513144 0.454903 0 0.246277 -0.811165 1.41183 -0.523926 -0.189587 
0.0694627 -0.602283 0.983635 -0.0267863 0.123855 -1.24134 0.39917 1.05163 -0.0547568 -1.12864 1.39063 -0.228955 1.62171 0.900895 1.81709 0 0.124379 -0.151844 1.30717 -0.800764 0.0689916 
-0.0971275 -0.730952 1.75389 -0.818045 -0.0619194 -1.85232 -0.0520671 -0.693439 -0.744931 1.23826 -0.17213 0.253442 1.77531 0.0976234 -1.41026 0 -0.0625682 -0.703286 1.54162 -0.633438 -0.0965005 
0.0743006 -0.818075 1.41456 -0.407617 0.0883013 0.506132 0.906732 -0.136181 -1.36653 -0.709331 -0.678066 0.106684 -1.2086 0.412385 1.52048 0 0.0885849 -0.496698 1.63879 -0.953215 0.0740256 
0.150283 -0.629319 1.42606 -0.33552 0.133428 0.47193 0.474387 0.764139 -1.37976 0.439709 0.226532 -0.360376 -0.0498543 0.565352 -1.59473 0 0.133299 -0.495541 1.79801 -0.841246 0.150388 
-0.109577 -0.478171 1.55423 -0.862806 -0.106275 1.95905 0.116719 1.14643 -0.927166 -1.4653 -0.0344563 0.223186 1.01189 1.07068 -0.300485 0 -0.106356 -0.673154 1.22908 -0.342673 -0.109499 
-0.118985 -0.527471 1.23781 -0.683524 -0.256137 0.0895252 -0.297288 1.37616 -0.0632881 0.251743 -1.70564 -0.752415 -1.9139 0.12177 0.223915 0 -0.243721 -0.117173 0.146539 -0.00255316 -0.131395 
0.219088 -0.107609 0.220713 -0.0401866 0.105778 -1.59981 0.740167 1.15432 -1.27383 -0.386024 1.09768 -0.809248 1.36674 0.126152 -1.56653 0 0.0966408 -0.516131 1.16564 -0.576594 0.228188 
-0.240659 -0.628788 1.10546 0.0213258 0.209941 -1.78545 1.15483 -0.227734 -0.414576 -0.56904 0.298648 -1.24634 0.513855 0.670426 -1.58032 0 0.209545 0.140685 0.97469 -0.617379 -0.240339 
0.0174011 -0.898448 1.74212 -0.541963 0.0398932 -2.02061 0.943619 1.16768 -1.03047 -1.35694 1.38434 -1.15027 0.173828 1.51903 1.25255 0 0.0399669 -0.566626 1.81177 -0.943443 0.0173332 
0.0477783 0.107607 0.774152 -1.04777 -0.173758 -1.1909 0.697386 -0.127048 -0.4223 -1.22816 1.84951 -1.28833 1.26175 0.0856574 0.299365 0 -0.169553 -0.846106 0.459732 0.220359 0.0436633 
0.128596 -0.626798 1.60975 -0.731361 -0.0578203 -1.84086 0.734059 1.22754 -0.178462 -0.0555705 -1.0372 -0.232325 -0.369988 1.31096 0.455233 0 -0.0589201 -0.798182 1.70176 -0.65199 0.129638 
-0.338989 0.0083444 0.653392 -0.775913 0.343271 -0.775395 1.03408 -1.48739 -1.19326 1.60496 0.6441 -0.308616 0.139565 0.122941 -0.813343 0 0.343849 -0.777309 0.61857 0.0445628 -0.339561 
0.132305 -1.03538 1.70241 -0.479716 -0.0836187 0.492751 0.595292 0.0655755 -0.871294 -0.146548 -1.38031 -0.374735 -0.441679 1.38658 0.132485 0 -0.0848959 -0.51855 1.76954 -1.06367 0.133543 
0.302615 -0.472742 0.73444 -0.401858 -0.241459 0.616147 -0.276453 0.509607 -0.674215 1.10655 -1.01592 -0.422444 1.84161 1.06202 0.12694 0 -0.247117 -0.452678 0.877092 -0.564572 0.308192 
-0.281937 -0.651944 1.02139 -0.377011 0.0970451 -1.80621 0.352091 0.774789 -0.182483 -0.102976 -1.30143 -0.596558 -0.446229 0.606198 0.943534 0 0.0790904 -0.156881 0.560487 -0.41117 -0.263983 
0.0917865 -0.149499 0.762195 -1.03859 0.0296493 0.916212 0.126142 -0.519734 -0.702958 1.42845 -1.44763 0.136069 1.03112 0.0517374 1.29687 0 0.0293763 -1.19144 1.01988 -0.254327 0.0920199 
-0.181021 -0.443134 1.18404 -1.33441 0.175787 -1.63642 0.0241051 0.0996531 -0.200174 1.05656 0.368513 0.0215114 -0.712054 1.14901 0.395644 0 0.175752 -1.34009 1.09116 -0.344568 -0.180996 
0.282148 -0.713666 0.974062 -0.54194 -0.242408 1.77279 -0.160833 1.02076 -1.41894 -0.197944 -0.614523 -0.887835 2.00117 1.29112 -1.64882 0 -0.244082 -0.529578 1.03433 -0.786296 0.283725 
-0.0319154 -0.980165 1.73132 -0.875218 0.0753152 -0.260259 1.05229 0.266391 -0.398869 0.826791 1.02492 -0.873692 -1.03762 0.0357167 -1.79297 0 0.0762536 -0.906958 1.78712 -1.00423 -0.0328414 
0.0317964 -0.399297 0.560199 -0.219449 0.12082 -0.688899 0.593974 1.15254 -1.11362 1.34548 0.912861 0.0719369 1.82298 0.237912 -1.03972 0 0.124238 -0.417893 0.963394 -0.604047 0.0283872 
-0.301167 -0.653837 2.0841 -0.839953 0.294599 0.652605 0.146038 -1.78632 -0.703564 0.713812 -0.136244 -0.375177 -0.180224 0.447387 -0.186193 0 0.294542 -0.668648 2.07436 -0.815407 -0.301127 
0.126592 -0.0881971 0.146508 -0.441494 -0.0534547 1.02033 0.912191 -0.533821 -0.271873 -1.44753 -1.35926 0.219566 1.53811 0.541252 1.18047 0 -0.0541436 -0.645886 0.570755 -0.308053 0.127207 
-0.0831849 -1.18563 1.64237 0.031184 -0.0294163 0.249778 0.710998 0.606141 -0.594761 -1.06692 1.71317 -0.0126637 -1.62145 0.518684 1.06792 0 -0.0295473 0.0647469 1.50715 -1.08397 -0.0830822 
0.123223 -0.0881794 0.501906 -0.369576 0.0184383 -1.39275 0.151 -0.415048 -0.537093 1.72173 0.698625 -0.663178 -0.474697 0.776487 -0.333162 0 0.0145759 -0.584982 0.902557 -0.273425 0.12708 
