-0.131968 -0.129449 0.195707 0.0732559 0.178867 0.245193 0.719758 -1.34792 -0.613509 1.61449 -1.47005 -0.880884 0.974214 1.48599 0.341168 0 0.181336 -0.0472522 0.459386 -0.272621 -0.134403 
-0.325072 0.0234862 0.0133294 -0.296174 0.409696 -1.43909 0.756645 1.28705 -1.30028 1.25151 1.98252 -0.320663 -1.62615 0.625002 1.53881 0 0.415316 -0.589104 0.48636 -0.156611 -0.330418 
0.0193302 0.311766 0.15725 -0.809693 0.158596 1.89595 0.744307 -0.646379 -1.02899 0.292986 -0.0244831 -0.139916 -0.473988 1.32086 1.74936 0 0.159866 -1.16675 0.743255 0.0828228 0.0181813 
-0.338835 -0.971517 1.29979 -0.113874 0.155923 2.02516 0.339088 0.260601 -1.33055 -0.0992164 1.75516 -1.284 -1.72488 0.981726 -1.14982 0 0.14593 0.0412586 0.964878 -0.791744 -0.329195 
0.0856177 -0.731386 1.24874 -0.976073 0.222974 -1.08956 0.899235 -0.340671 -1.08287 0.263161 0.74965 -1.0496 0.186661 0.69866 -1.2286 0 0.22422 -1.24457 1.6799 -0.894056 0.0845882 
-0.336097 -0.611535 1.10009 -0.64908 -0.0010437 -1.43077 1.16763 -1.24776 -0.772971 -1.10833 1.96397 -0.497987 -0.858064 0.864257 1.41657 0 -0.017886 -0.235506 0.264693 -0.189691 -0.319563 
0.12871 -0.413873 0.551896 -0.947031 0.173911 1.55287 0.258508 0.727184 -1.5046 1.55482 1.78627 -0.94357 0.0251094 1.02822 0.565506 0 0.174071 -1.31416 1.17017 -0.665021 0.128629 
0.0937735 -1.09219 2.00444 -0.703252 -0.131133 -0.871663 0.510826 0.34752 -0.141176 -0.419014 0.503814 -0.358896 -0.856109 0.162045 -1.44487 0 -0.130309 -0.711264 1.96742 -1.04716 0.0929818 
0.254836 0.186568 0.132842 -0.144483 0.0070342 0.636115 0.930948 0.545032 -0.80978 -0.838706 -0.22071 -0.613403 -0.94384 1.25875 0.572543 0 -0.00222799 -0.626777 1.01224 -0.210543 0.263888 
0.202096 -0.672918 1.32913 -0.14246 0.227148 -1.54783 0.507938 1.31692 -1.05541 0.458993 -1.27796 -0.936946 -1.22293 0.270696 -1.26349 0 0.227354 -0.320749 1.8658 -1.0313 0.201938 
0.0620483 -0.64647 1.24401 -1.12353 -0.0585157 -0.725127 0.744724 -1.48647 -0.19247 1.67084 -0.95274 -0.607625 0.607765 0.540001 0.516956 0 -0.0585271 -1.11409 1.26106 -0.672957 0.0620572 
0.117289 -0.895812 1.41203 0.0600659 0.0587788 -0.761845 0.310186 -1.66514 -1.31899 0.500404 0.874 -0.598872 0.885126 1.42985 -1.6248 0 0.0586206 -0.00714723 1.6336 -1.05018 0.117399 
-0.0974016 -0.108334 0.837731 -0.777271 0.146402 -0.175133 0.190583 1.90954 -0.420873 -0.88348 -0.382308 -0.988545 0.067046 0.481998 0.109421 0 0.149664 -0.840365 0.938738 -0.146248 -0.100657 
0.0493284 -0.982628 1.16677 0.186678 0.101181 1.25793 -0.137623 -0.894236 -0.721141 -1.62373 0.107878 -0.319207 -1.85476 0.292855 -1.09704 0 0.10147 0.146302 1.35813 -1.13361 0.0490754 
0.211171 -0.434283 0.931734 -0.243586 0.283824 -1.04716 0.638624 2.04443 -1.20767 0.461285 -0.403159 0.270195 1.49381 0.365052 -1.21728 0 0.286689 -0.597839 1.70963 -0.857931 0.208459 
-0.0505046 0.0880075 0.339528 -0.396066 -0.0761611 -1.12235 1.16637 -1.00891 -0.0439587 1.33897 -0.0124593 -0.371166 1.57139 1.50007 0.903173 0 -0.0754129 -0.555733 0.688352 -0.101149 -0.0512522 
0.271498 -0.233365 0.165283 -0.441769 -0.175211 -1.30412 -0.0884731 1.72984 -1.3659 -0.685921 1.78649 -0.691697 -0.380614 0.140668 -1.26884 0 -0.176647 -0.634689 0.649564 -0.524727 0.27267 
0.327763 -0.615982 0.991384 0.334997 -0.0572322 0.411652 1.04815 -0.450175 -1.46728 -0.14334 0.0132162 -0.545299 0.793286 0.178838 0.586056 0 -0.0584228 0.0884779 1.47217 -0.85025 0.328451 
0.202529 0.0351102 0.0262279 0.341242 0.148397 -1.22783 1.09787 0.105196 -1.06109 -0.147423 1.15041 -0.721538 -1.35435 0.678276 1.3919 0 0.147566 -0.21698 1.1734 -0.553842 0.203258 
0.0206282 -0.299966 0.539985 -0.316872 -0.0970437 -2.0398 0.143612 -1.64223 -1.16309 -1.12053 -0.0989271 0.0278032 -1.20205 1.12168 -0.965595 0 -0.0951085 -0.0405435 2.1808e-05 -0.0363306 0.018701 
-0.158541 -0.891946 1.46461 -0.298245 -0.158854 1.09811 0.135729 -0.104509 -1.10002 1.25916 -0.763649 0.224002 -0.215997 1.08956 -0.891134 0 -0.158846 -0.0824331 0.938638 -0.581785 -0.158548 
-0.286776 -0.528926 1.48948 -0.906328 0.318857 -0.811398 -0.311864 -0.392996 -0.47378 0.0508313 -0.298984 -0.426092 -0.213215 0.604463 -1.45741 0 0.324661 -0.92332 1.53674 -0.559196 -0.292566 
-0.327159 -0.829319 1.53659 -0.0978832 0.193414 -1.48682 0.459056 -1.54409 -1.03435 1.24128 -1.46469 -0.561439 1.1369 0.591072 -0.168742 0 0.192208 0.098363 1.2699 -0.758875 -0.32631 
0.0877343 -0.561278 1.51862 -0.701482 0.275682 0.77139 -0.097354 1.98429 -1.48109 -0.992207 -0.347839 -0.93934 1.16871 1.08458 -0.16712 0 0.280607 -0.936959 1.9791 -0.786285 0.0830977 
0.23912 0.0288842 0.267212 -0.358591 0.077918 1.83291 0.801795 -0.166688 -0.857126 1.21204 0.823141 -0.753674 1.30071 0.564716 1.69068 0 0.0644275 -0.840175 1.15089 -0.373202 0.25257 
0.034646 -0.184056 0.360139 -0.782729 -0.0654776 0.249427 1.24115 -1.95447 -0.614291 -1.00355 0.62527 -1.18297 -0.848607 1.36806 1.71042 0 -0.0654042 -0.696931 0.227369 -0.137084 0.0345921 
-0.109225 -0.997856 1.05268 0.403588 0.10444 -1.98244 0.516138 -0.730837 -1.29985 0.914286 0.267373 0.0117064 -0.693225 0.12701 1.00029 0 0.104414 0.458955 0.981018 -0.981557 -0.109204 
0.248473 -0.383335 0.603432 -0.548936 -0.173478 0.369113 1.13052 0.21192 -0.493228 0.728129 0.929978 -1.1926 -1.93618 0.933479 -0.834589 0 -0.175555 -0.625241 0.819773 -0.52337 0.250387 
-0.144397 -0.0334608 0.127008 0.457795 0.172883 1.70198 0.764796 -1.86577 -1.08526 1.74569 -0.832939 -0.920905 -1.26206 0.769929 -1.05736 0 0.173135 0.480396 0.170254 -0.0993076 -0.144594 
0.0559496 -0.67312 1.13559 -0.651954 0.38313 -1.05504 0.837494 1.44855 -1.15895 -0.622789 1.47293 -1.04871 -1.07853 0.0359155 -1.65509 0 0.400609 -0.995276 1.77196 -0.966138 0.0390023 
-0.315674 -0.887529 1.51939 -0.778154 -0.11174 1.40814 0.421755 0.0132691 -0.618017 0.947574 1.98223 -0.777615 -1.10844 0.324157 0.0875253 0 -0.126055 -0.404022 0.741756 -0.484008 -0.301581 
-0.00886095 -0.242171 1.15498 -0.616285 0.333919 -0.480929 1.25046 0.741966 -1.05055 -0.992801 0.595085 -0.657638 2.07989 0.992666 -1.22128 0 0.341202 -0.87193 1.64429 -0.47584 -0.0156232 
-0.242101 -0.93898 1.59081 -0.397315 0.283829 0.370315 0.327098 -2.08046 -1.49364 -1.09192 1.20944 -0.592856 1.13885 0.790334 0.730591 0 0.285545 -0.356668 1.6152 -1.00402 -0.243723 
0.173912 -0.882798 1.53982 -0.932114 0.201374 -1.245 0.741392 0.320064 -1.14248 -0.0815724 -0.763999 -1.19522 0.984842 0.0790243 0.806201 0 0.202018 -1.18323 2.01062 -1.10247 0.173312 
-0.24116 -0.0399815 0.44785 -0.838244 0.223399 -1.77806 -0.136483 -1.93384 -0.784145 0.646338 -0.253913 -0.625803 1.60233 1.39796 -1.35222 0 0.22307 -0.691978 0.0779032 0.183699 -0.240877 
-0.240214 -0.113472 1.32419 -1.2325 -0.148886 -0.236087 0.472093 -1.71897 -0.899977 0.049332 0.465181 0.0570253 -0.890438 0.375246 1.64379 0 -0.158857 -0.755827 0.59146 0.142588 -0.230247 
-0.267972 -0.610572 0.887639 -0.849552 0.34032 0.36868 1.07324 1.48112 -1.15374 -0.778848 -1.31572 -1.31277 1.13562 0.937056 -1.5982 0 0.341391 -0.990229 0.971629 -0.553884 -0.268786 
0.0292343 -0.640973 1.58305 -0.449511 0.245549 1.55396 1.26124 0.328779 -0.167881 0.787972 0.820986 0.299176 -1.73875 0.635299 0.732369 0 0.246889 -0.549743 1.91011 -0.867801 0.0281799 
0.213495 -0.0692249 0.324872 -0.604253 0.209987 -0.229001 0.752573 -1.58117 -0.898423 -0.0947088 -1.28578 -1.15912 1.21651 0.335021 -0.487591 0 0.209911 -1.17509 1.3147 -0.488216 0.213564 
-0.237351 -1.10892 1.62033 -0.282576 -0.129393 -0.844156 0.946079 -1.06838 -0.898937 -0.931988 -1.74161 -0.382192 2.00392 0.664384 1.55517 0 -0.133434 -0.0878171 1.08321 -0.766563 -0.233474 
-0.371607 -1.03471 2.03216 -1.28692 0.051588 -1.33588 0.453226 -1.39002 -0.159128 -1.55141 -1.11415 -0.988907 0.605513 1.42717 -1.75304 0 0.0426097 -1.10402 1.64238 -0.82782 -0.363234 
0.0356286 -0.900447 1.45065 -0.33005 -0.21618 -0.0684427 1.0856 -0.597912 -1.48426 -1.46163 -0.944963 -1.27283 2.08212 0.758058 0.489416 0 -0.211269 -0.241777 1.1868 -0.724875 0.0309033 
-0.0336498 -0.42637 0.891099 -0.71892 0.143554 1.16222 0.00384009 1.78827 -1.01139 -1.13922 -2.00877 -0.920731 -0.373381 0.781606 -0.662362 0 0.145327 -0.849608 1.10533 -0.509914 -0.0353352 
0.00113467 -0.847479 2.05207 -0.88734 -0.165783 -0.0330237 0.267467 -1.93538 -0.207659 0.0870145 0.754803 -1.31105 0.502014 0.411226 1.1636 0 -0.164312 -0.808632 1.85929 -0.733413 -0.000209832 
0.0292142 -0.632002 1.3355 -0.334578 0.142814 1.19389 -0.257865 -1.19119 -1.48061 0.699676 0.164843 0.3001 -0.897297 0.428088 -1.08835 0 0.143691 -0.424979 1.57628 -0.782382 0.0284352 
-0.179712 -0.347927 0.899215 -0.0164201 0.194818 -0.892164 -0.102588 1.56174 -0.99009 -0.412957 -0.354525 0.192968 -1.77835 0.601581 1.6012 0 0.194976 0.0442213 0.886663 -0.396016 -0.179837 
0.145977 -0.407918 0.839563 0.0107515 0.371752 -1.06751 0.586573 1.3543 -0.21978 -0.205087 -2.01887 -0.867827 -1.77262 1.46018 0.821401 0 0.375207 -0.286298 1.63659 -0.907893 0.143093 
-0.0782805 -0.724075 1.83271 -1.13397 0.123773 0.387201 0.554293 -0.232817 -1.50972 1.59807 -1.06642 -0.60128 0.66819 1.34279 0.898235 0 0.127531 -1.17122 1.88676 -0.740878 -0.0820363 
-0.109924 -0.464093 1.51121 -0.893764 0.266452 1.11064 1.12345 -1.79164 -0.947835 -0.472902 1.83508 -1.29162 -0.810302 0.797996 1.37882 0 0.275905 -1.00496 1.72339 -0.565076 -0.119192 
0.0377545 -0.693178 1.08171 -0.480774 -0.043976 -1.4128 0.975938 1.27314 -0.328795 -1.76944 0.294351 -1.23371 1.15109 0.577248 1.0705 0 -0.043862 -0.472559 1.069 -0.688681 0.0376413 
0.130009 -0.256718 0.235656 0.286178 0.18112 -0.262897 1.25425 -1.79166 -0.730297 0.328562 -0.491609 -0.229413 1.41701 1.33369 -0.248735 0 0.182441 -0.107446 1.11213 -0.739563 0.128761 
-0.129414 0.128067 0.338132 -0.930702 0.22885 0.241877 0.811985 0.567081 -0.197742 0.074422 -1.33888 -0.621972 1.33342 0.171295 0.602134 0 0.229933 -1.07999 0.513063 0.102422 -0.13031 
-0.178961 -0.925836 1.30885 -0.662322 -0.248191 -0.527212 0.680556 -1.17918 -0.331386 -0.927634 1.63126 -0.606466 -0.67611 1.26245 0.711704 0 -0.245654 -0.065162 0.085499 -0.299645 -0.181356 
-0.37282 -0.313545 0.240035 -0.125631 0.293625 -0.578215 0.446621 0.199929 -0.260879 1.24314 0.283282 -1.09517 0.0175041 1.48042 1.40254 0 0.287201 -0.0382073 -0.000105942 -0.160787 -0.366488 
-0.0308811 -0.126952 0.544787 0.0969546 0.388383 0.531645 0.349357 -0.490976 -0.710161 0.801092 1.73745 -0.532657 -1.71702 1.2768 1.76242 0 0.392491 -0.180881 1.26159 -0.565919 -0.0341504 
-0.265178 -0.300242 0.248601 0.00970849 0.410096 -0.651365 0.614341 0.374144 -0.106924 -1.36322 -0.589165 -0.503769 0.645778 0.226893 1.24055 0 0.434654 -0.255855 0.779471 -0.565537 -0.289705 
-0.0624447 -1.02404 1.30034 0.100385 -0.0763547 1.32123 1.30568 -0.113893 -0.727887 1.55614 1.37822 0.0419301 2.0357 1.42189 -1.58144 0 -0.0762723 0.158716 1.09993 -0.881972 -0.0625174 
-0.248503 -0.985593 1.64989 -0.631552 0.209768 -0.764856 0.426346 0.316196 -1.43091 1.30735 1.89758 -0.445529 1.92824 0.901073 -0.817104 0 0.203752 -0.604587 1.59762 -0.960287 -0.242492 
0.165736 -0.857501 1.50289 0.138331 0.071996 -0.907422 1.19243 -0.0453915 -0.673814 -0.0171146 0.454404 -0.827016 0.613726 0.152612 0.569148 0 0.0718354 0.0547609 1.78079 -1.05182 0.165801 
-0.28129 -1.06088 2.08178 -0.712078 -0.236763 -0.557155 -0.218619 0.475134 -0.646084 -0.299494 0.197783 -0.237772 1.00034 0.564146 -0.66691 0 -0.238226 -0.440167 1.43908 -0.690087 -0.279936 
-0.0901628 -0.303119 0.980211 -0.64776 0.0142005 0.143052 1.29914 0.167809 -0.633641 -1.5351 0.49726 -0.734375 0.129715 1.46721 0.816424 0 0.0121075 -0.553779 0.810191 -0.227081 -0.0880712 
-0.157944 -0.839145 1.47662 -0.878241 -0.156426 -2.06308 0.168878 -1.65399 -1.32149 -0.0467365 1.51951 -0.423331 -0.973849 1.51456 -0.689039 0 -0.156474 -0.600321 0.934415 -0.574863 -0.157899 
0.312379 -0.856029 1.22909 -0.0922495 -0.105203 -0.168133 1.26004 0.223651 -0.440009 1.04265 0.745119 0.0521679 1.3561 0.0927414 0.120321 0 -0.110956 -0.239545 1.54804 -1.02769 0.317753 
0.0270907 0.12293 0.445731 -0.936116 0.228364 -1.31561 0.880624 1.16514 -0.27388 -0.960788 1.86022 -0.886452 -0.208124 0.0562773 -0.530817 0 0.23057 -1.29719 0.983679 -0.0539443 0.0251349 
0.174213 -1.05895 1.69662 -0.301433 -0.161449 -0.403393 1.00101 -0.00622741 -0.492903 -1.13756 1.4021 -0.821741 -0.172154 0.134314 -0.121171 0 -0.161647 -0.358808 1.73846 -1.04342 0.174392 
-0.0240756 -1.06874 1.66169 -0.241622 -0.164728 -0.537517 0.433745 -1.6421 -0.186491 1.1908 1.60853 -0.644721 1.58389 1.37321 -0.95019 0 -0.163449 -0.18945 1.43382 -0.893045 -0.0252244 
-0.301183 -0.273492 0.313042 0.335318 0.0127014 0.446037 -0.175583 0.380403 -0.17203 -1.51458 0.178948 -1.03745 -1.79097 1.00827 -1.47478 0 0.00845852 0.460416 0.0380942 -0.123646 -0.29739 
-0.0399483 -0.824652 1.33371 -0.393245 0.151395 -1.34369 0.639584 1.60759 -1.23438 -1.8057 0.331618 -0.203353 -1.14545 1.21493 -1.40842 0 0.1559 -0.450944 1.49306 -0.926301 -0.0444039 
0.351817 -0.365418 0.36668 -0.168136 -0.164532 2.08085 1.09321 -1.89258 -0.514613 -0.3127 1.15234 -0.484777 -0.275921 0.372242 -0.136648 0 -0.178836 -0.412556 0.912669 -0.666971 0.365831 
0.13203 -0.127542 0.256233 0.242157 0.353526 -0.238066 0.847364 0.402483 -0.643269 -0.465165 0.227285 0.214498 1.28686 1.07612 0.138301 0 0.358462 -0.250244 1.38223 -0.761142 0.127637 
-0.10227 -0.293298 0.645656 -0.245453 0.14119 0.448455 0.60945 0.694038 -0.207961 -0.555591 0.880061 -0.610612 -0.269568 0.551805 -1.77599 0 0.143091 -0.293661 0.755233 -0.354666 -0.104155 
-0.158988 -0.525573 1.4525 -0.456245 -0.230598 0.97549 -0.0997923 -0.637839 -0.559853 0.154325 1.54911 0.153475 1.85944 1.29959 0.923812 0 -0.229541 -0.109841 0.737942 -0.157422 -0.159878 
-0.284651 -0.535074 1.6639 -0.956988 -0.0216074 0.910475 0.31279 -1.48211 -0.930328 -1.46276 1.74843 -1.23521 -0.461025 1.43278 -1.16326 0 -0.0332894 -0.683662 1.22507 -0.369574 -0.273231 
-0.149588 -0.404602 1.68811 -1.09034 0.0943965 0.302241 -0.162955 -0.692512 -1.23446 -0.00631358 1.25532 -0.0997284 -0.298459 0.0714626 -1.36535 0 0.0927467 -1.03102 1.62835 -0.404164 -0.147988 
-0.104731 -1.14528 1.63049 -0.196539 -0.0790632 2.01577 0.0128867 0.448661 -0.445536 -0.16888 -0.458215 -1.10956 0.770759 1.33855 -1.33429 0 -0.0793753 -0.12815 1.39444 -0.977611 -0.104441 
-0.383251 -0.175367 0.637866 -0.744637 0.413737 -0.657077 0.455251 0.561695 -1.24433 0.605335 0.200585 -1.01535 -0.791382 0.568601 1.03942 0 0.415632 -0.792021 0.616404 -0.106521 -0.385035 
-0.172083 0.0385549 0.262624 0.0626877 0.26357 -0.0372317 -0.159786 0.743087 -0.201394 -1.6513 -0.691663 -0.128433 1.43786 0.297286 1.81429 0 0.265855 -0.0869027 0.638575 -0.187806 -0.174149 
-0.162664 -0.828303 1.34187 0.0873831 0.394914 0.212107 1.05273 0.194783 -0.661841 0.968742 1.69624 -1.20927 -0.781275 0.651917 0.915096 0 0.396644 0.17384 1.48911 -1.06199 -0.163814 
0.300495 -0.19862 -0.0505671 0.198224 -0.0846141 -2.00287 0.236327 0.524093 -0.119214 -0.964439 -1.45098 -1.01675 0.615105 0.694423 1.69528 0 -0.105947 -0.259802 0.906621 -0.69777 0.321787 
0.0860089 -0.353777 0.70288 0.15847 0.0420961 -1.78309 -0.0762167 0.458896 -0.783245 1.69407 0.70402 -1.13001 -0.0182467 1.00648 0.137693 0 0.0419298 0.0213825 0.99599 -0.5098 0.0861428 
0.128948 -0.928059 1.80618 -1.00042 -0.134547 1.61904 0.322131 0.508515 -0.809528 1.25189 0.795013 -0.0925255 0.607698 0.817148 -0.907629 0 -0.134245 -0.984122 1.79945 -0.937621 0.12865 
-0.344569 -0.764039 1.4701 -1.02972 0.369518 -1.57559 0.844636 -0.980712 -1.08063 -0.632438 0.578254 -0.238416 -1.14831 0.90432 0.444004 0 0.37053 -1.10999 1.4775 -0.691168 -0.345498 
-0.272405 -0.604924 1.20707 -1.22858 -0.0607643 -0.811209 0.822836 0.975681 -0.778415 1.79166 0.291759 -0.399645 -0.633275 0.963144 -0.224004 0 -0.0623142 -0.799367 0.39496 -0.222027 -0.27129 
-0.0635282 -0.0297491 0.296613 -0.189079 0.122768 -0.535083 1.0629 -0.0989248 -0.29211 1.4941 0.845479 -1.05495 -0.775938 0.887566 -1.35433 0 0.125209 -0.326005 0.569096 -0.165307 -0.0659584 
0.157951 -0.712894 1.36121 -0.974815 -0.0513677 1.86696 0.037247 -1.7113 -0.481159 0.822897 0.241709 0.29149 1.81978 0.0852232 1.21107 0 -0.0526481 -1.04288 1.52211 -0.805726 0.159123 
-0.198345 -0.544322 1.71621 -0.787641 -0.073124 0.709144 -0.127754 1.58951 -0.42852 0.115958 1.11543 -0.0888004 0.864617 0.86168 -1.58911 0 -0.0747364 -0.563261 1.34242 -0.394912 -0.196913 
-0.0679925 -0.363206 0.313528 0.121942 0.387937 -0.847966 0.99922 0.0792089 -1.00647 -1.56361 2.06312 -0.891116 -1.42726 1.0744 1.01753 0 0.425072 -0.242686 1.13492 -0.820022 -0.104977 
0.379684 -0.546864 0.6376 0.256453 -0.119624 -2.02195 0.821172 1.78605 -1.03271 1.36234 -1.00589 -0.201356 1.4247 1.04845 -1.31328 0 -0.126182 -0.0249265 1.21426 -0.84215 0.385621 
0.0529965 -0.12592 0.477179 -0.0795851 0.309132 -0.582838 1.32441 -1.79284 -0.0396929 1.5444 -2.01657 0.172309 0.703718 1.17978 0.0826779 0 0.31664 -0.468116 1.29316 -0.553378 0.0459173 
-0.00538008 -0.50407 1.2079 -1.01612 0.0080758 1.60565 1.14977 1.04722 -0.339816 -0.444874 1.57805 -0.436325 -1.679 0.990283 -0.901391 0 0.00807816 -1.01955 1.21149 -0.504222 -0.00538225 
-0.378363 -0.76427 1.90925 -0.847247 -0.117474 1.40846 0.424113 -0.40729 -0.769131 1.80258 -0.177172 -1.29613 0.0143773 1.38151 -0.402072 0 -0.126714 -0.471541 1.23491 -0.46565 -0.369734 
-0.151604 -0.773029 1.44493 -0.163107 -0.0935415 0.609907 -0.290358 -2.04251 -0.437557 1.27099 1.32576 -0.796243 -1.07502 0.819927 0.337883 0 -0.0939518 0.00110088 1.05643 -0.54873 -0.151274 
-0.216847 -1.03124 1.97886 -1.18122 -0.10451 1.50961 0.110144 1.49767 -0.538931 -1.40744 1.57195 -1.12662 -1.21604 0.552357 -0.297474 0 -0.107955 -0.968854 1.57461 -0.839364 -0.213553 
-0.181604 -0.0773981 0.103618 -0.931979 0.37631 -1.4849 1.2297 -0.0225259 -0.974584 -1.16136 1.07093 -0.164615 0.906766 1.14786 0.362528 0 0.377189 -1.21463 0.375138 -0.066264 -0.181913 
-0.30442 -0.787127 1.93669 -0.753386 -0.197902 -1.16785 1.22554 -0.705477 -0.516174 -0.440772 0.0167765 0.0686593 -0.978465 0.687228 0.399186 0 -0.200315 -0.405625 1.26403 -0.462228 -0.302292 
0.135123 -0.24397 0.678883 -0.613909 0.218218 1.83027 0.731982 1.89438 -0.226272 -0.198138 -1.12676 -0.245132 1.65956 0.878412 -1.16429 0 0.222252 -1.01 1.36907 -0.53807 0.131192 
-0.271962 -0.803908 1.10413 -0.361438 0.356177 -0.545834 0.318175 0.880162 -1.46502 1.10068 -1.43865 -0.107326 -0.243273 0.787626 -0.133028 0 0.370271 -0.436014 1.24991 -0.875108 -0.286015 
-0.0668473 -0.466925 0.867293 -0.199264 0.32315 -0.885322 1.07961 0.998682 -1.02214 -0.469772 1.47745 -0.563515 1.7769 1.51077 -1.30683 0 0.335119 -0.385471 1.32202 -0.735456 -0.0784342 
-0.189648 -0.104005 0.0214891 -0.388595 0.31155 -1.74335 -0.0573446 1.12437 -1.31006 -1.79745 -0.328316 -0.159524 0.760631 0.95614 -1.06814 0 0.313777 -0.753534 0.607607 -0.325183 -0.191517 
-0.165933 -0.81032 1.0307 -0.156942 0.109652 -1.64899 0.979922 -0.106744 -0.8016 -1.81244 -1.19205 -0.209864 0.249468 0.813326 -1.17561 0 0.105667 -0.10282 0.913507 -0.747245 -0.161961 
-0.140971 -0.825014 1.53369 -0.027888 0.261483 1.86152 -0.117433 1.4512 -1.22947 -0.903636 0.352469 -0.714828 0.0651775 1.18958 0.376916 0 0.262028 0.0616213 1.58797 -0.968802 -0.141289 
-0.0209937 -0.5799 1.27 -0.314914 0.370198 -1.36625 0.795883 0.124101 -0.742476 0.499149 -1.08905 -0.801963 1.81248 0.709957 0.908681 0 0.375649 -0.460126 1.72778 -0.892465 -0.0257911 
0.263232 -0.954665 1.11449 0.110125 -0.196709 -1.85542 0.918683 -0.930657 -1.08379 -0.388981 1.96479 -0.890871 0.320936 0.0943266 -0.813412 0 -0.198932 0.0206498 1.2665 -1.0172 0.26532 
0.300881 -0.525474 0.530537 0.348641 0.173576 -0.341121 0.994425 -1.90315 -0.696341 1.49974 1.60264 -0.352926 -0.126993 0.286713 0.470372 0 0.171007 0.0129662 1.41596 -1.07522 0.303175 
0.239904 -0.536051 1.1597 -0.700036 0.235922 1.20516 0.52927 -1.80756 -0.680055 -1.43063 2.07046 -1.16341 -1.93454 0.37367 0.364679 0 0.235369 -1.07815 1.84162 -0.839851 0.240454 
-0.293157 -1.16782 1.73821 -0.672383 0.020903 0.660821 0.840023 1.16967 -1.27266 0.104466 -0.504407 -1.10792 -1.40861 0.790079 0.173314 0 0.00176779 -0.540826 1.37667 -0.937818 -0.274177 
-0.29037 -0.739275 0.874883 -0.294331 0.324266 -0.645345 0.174573 1.84352 -0.793109 0.943476 0.533711 -0.505915 -0.295125 0.657041 0.404779 0 0.327484 -0.36351 0.967654 -0.762865 -0.293528 
-0.109438 -0.114564 0.652792 -0.265409 0.351738 0.437128 0.833941 0.0875678 -0.802874 -0.504704 0.651326 -0.405754 1.1501 0.280939 1.14189 0 0.360927 -0.506969 1.18008 -0.400303 -0.118109 
0.177794 -1.03641 1.90327 -0.268854 -0.182274 0.154928 -0.0938972 -1.73539 -1.15165 1.30282 -1.75908 -0.321572 1.86018 0.454814 -0.67613 0 -0.182251 -0.376075 1.94333 -0.969256 0.177778 
0.328855 -0.612129 0.73266 -0.144042 -0.248306 -0.817621 0.246475 -1.88973 -0.591965 -1.21749 1.49684 -1.26209 1.01215 1.50939 -1.15806 0 -0.26104 -0.222143 0.91295 -0.714315 0.341584 
0.275803 0.822322 1.42086 -1.73975 -0.190384 -1.33055 0.0219567 1.25244 -0.105355 1.16445 2.04132 -0.978074 -1.25001 0.595125 0.596659 0 -0.189874 -0.157748 1.59354 -0.932363 0.275278 
0.314778 0.0498683 -0.0798319 -0.353917 -0.10031 0.0305973 0.0711691 -0.202339 -0.452132 0.320994 0.529298 -0.924824 -0.502557 0.636733 -1.54614 0 -0.104709 -0.850422 0.936307 -0.469762 0.3187 
-0.113569 0.0330904 0.0830151 -0.172681 0.263668 0.0896009 1.24506 1.07398 -1.00269 -0.941809 1.30213 -0.543696 -0.0852604 1.37015 0.685964 0 0.277488 -0.532627 0.765412 -0.289355 -0.127356 
-0.376135 -0.398945 1.76042 -1.2988 0.295917 -0.73983 0.736181 -0.614039 -0.454476 -0.193467 -1.93863 -0.271977 1.7911 1.42836 -0.306094 0 0.279135 -1.22032 1.68066 -0.39767 -0.359408 
0.366984 -0.142463 0.749847 -0.558817 -0.156133 0.480286 -0.0559455 -1.48509 -1.51998 -1.27548 -0.753694 -0.221135 -0.600266 0.572678 -1.48805 0 -0.186396 -0.802533 1.16738 -0.316298 0.397193 
-0.31653 -0.927908 1.53582 -0.488567 0.181015 1.35854 1.28148 -0.0926441 -0.69285 0.782149 1.70938 -1.05312 -0.235157 0.845209 -0.340345 0 0.167444 -0.386446 1.33403 -0.828245 -0.30311 
0.105899 -0.576215 1.23753 -0.30983 0.383465 -0.861736 0.792895 0.735261 -0.632536 -1.08688 0.129487 -1.22828 1.01838 1.35533 1.36164 0 0.389083 -0.544791 1.87894 -0.98267 0.100897 
-0.170332 -0.764978 1.34406 0.124297 0.340461 -0.320571 0.889402 1.96134 -0.0580879 1.68967 1.78214 0.268594 -0.922289 0.962461 -0.588014 0 0.341358 0.233476 1.41515 -0.945244 -0.170829 
-0.350662 -0.36514 0.701546 0.150855 0.281815 -1.75801 0.372868 1.91066 -0.198471 0.218884 1.2833 -0.204869 -1.63021 1.37053 0.248283 0 0.280356 0.431416 0.274535 -0.218691 -0.349453 
-0.196914 -0.862972 1.30907 -0.207095 0.275255 0.148864 0.311684 1.11832 -1.42069 -0.907676 1.92241 -0.791406 -0.554081 0.414927 -0.0415517 0 0.278595 -0.198235 1.38924 -0.952004 -0.200098 
-0.0257992 -0.668901 1.32166 -0.366487 0.360607 -1.74314 1.2047 -0.0418787 -0.274592 -1.61827 -0.244416 -0.945193 -0.70633 0.397692 0.310486 0 0.368751 -0.50833 1.75612 -0.961531 -0.0333672 
0.302388 -0.204876 0.538186 -0.293262 -0.0554522 0.920761 0.0979648 -1.49802 -0.524745 -1.637 -0.674272 -0.493089 0.0979032 0.0388564 0.656909 0 -0.0797041 -0.603031 1.12809 -0.485018 0.326611 
0.202582 -0.260032 0.874959 -0.501728 -0.296092 -0.77864 0.648482 1.02387 -0.15767 0.969031 -0.872389 -1.27708 1.88659 1.25145 0.0516105 0 -0.287187 -0.38299 0.623535 -0.12735 0.19376 
-0.234382 -0.227815 1.34873 -1.1203 -0.132678 -0.311461 0.212645 -0.667148 -1.39317 0.196228 0.521593 0.0125656 -0.105282 1.16019 -1.78294 0 -0.142972 -0.685887 0.653113 0.0333865 -0.224088 
-0.342644 -0.828506 1.24476 -0.52232 0.19747 1.26236 0.0369916 1.89035 -1.39547 1.25867 -1.91784 -0.264284 -1.70689 0.452643 1.0098 0 0.181404 -0.423344 0.995309 -0.678022 -0.326712 
0.306713 -0.680227 0.876475 0.148484 -0.179787 0.0399251 0.262902 -0.902495 -0.24264 -0.950619 1.24348 -0.511218 0.408017 0.564646 -0.49345 0 -0.183007 -0.0147666 1.16727 -0.807777 0.309632 
-0.242676 -0.735567 1.27064 -0.313329 0.111973 1.34787 1.06585 1.77798 -0.525554 1.27163 -1.10379 -0.92969 -1.54668 0.364919 -0.46065 0 0.106936 -0.184388 1.02872 -0.622599 -0.237827 
-0.196592 0.260768 0.727924 -1.32532 0.152794 -0.453069 0.301841 1.8478 -0.76569 -1.08774 0.248918 -1.21453 0.157089 1.31018 0.858443 0 0.152091 -1.21214 0.494153 0.381365 -0.195959 
0.206235 -0.888701 1.50729 -0.11181 0.0757641 -0.0424929 1.04457 0.972672 -1.32382 0.980331 -0.876762 -0.29614 -2.04532 1.54358 0.734093 0 0.0750757 -0.227152 1.85221 -1.11829 0.206759 
0.0929209 -0.264608 0.9225 -0.654121 0.277355 0.832599 0.20253 1.62274 -1.13722 -0.724258 0.818778 -0.441424 1.50617 0.219663 0.304919 0 0.301223 -1.0148 1.53719 -0.518616 0.0690531 
0.208201 -1.1191 1.66771 -0.34848 -0.242737 -1.95282 1.12777 -1.81474 -0.440087 0.239107 -1.4407 -0.119465 0.691581 0.103639 -0.233374 0 -0.240999 -0.377859 1.64835 -1.07037 0.206523 
0.335321 -0.195069 0.0958647 -0.246482 0.122373 0.561591 0.738461 1.25563 -0.553147 -1.67619 1.74828 -0.894824 -0.535023 1.06628 -1.42858 0 0.116985 -0.870832 1.35363 -0.828482 0.340221 
0.246635 -0.668417 1.29331 -0.723102 -0.167803 -0.542203 0.978969 -1.23113 -1.42301 0.111097 0.0354657 0.0524569 0.917116 1.01446 0.66319 0 -0.175291 -0.773059 1.41478 -0.739925 0.254066 
-0.320407 -0.626645 0.877852 -0.626956 0.196721 0.316526 0.303443 1.03565 -0.259003 0.696519 0.00635979 -0.785584 0.385793 1.13208 0.692471 0 0.193205 -0.50344 0.538255 -0.410562 -0.317243 
0.0925905 0.145128 0.434288 -0.733951 0.00866039 2.08339 0.527567 1.38576 -1.20608 0.207559 1.59958 -0.17366 1.93698 0.828871 -0.431951 0 0.00728449 -0.914308 0.751092 0.00868177 0.0939409 
0.0141139 0.441952 -0.00533136 -0.88085 -0.120473 2.02049 0.695759 1.08278 -0.421697 0.705108 -0.886141 0.275617 -0.0534864 0.790634 1.61777 0 -0.120017 -0.809307 -0.064963 0.43004 0.0137321 
0.000367927 -0.939301 1.88618 -0.561605 -0.133864 0.575124 0.850641 -0.874005 -0.260884 -1.50855 0.363687 -0.552789 -0.205889 1.11178 -1.15078 0 -0.133161 -0.520819 1.73116 -0.825067 -0.000246729 
-0.387315 -0.965591 1.24329 -0.516873 0.310251 1.14114 1.13356 1.63191 -1.44105 1.1776 -0.818684 -0.271658 1.06171 0.744674 -1.179 0 0.304992 -0.524975 1.14894 -0.863142 -0.382278 
-0.345497 -0.562768 0.910395 0.23863 0.305917 1.73733 0.89903 0.443546 -1.31511 -0.447834 0.816568 -0.731458 1.32203 0.642239 0.305822 0 0.305382 0.471052 0.611363 -0.496158 -0.345102 
0.0645597 -0.822691 1.34867 -0.232663 0.173303 0.680517 1.30314 -0.954106 -1.12156 1.58028 -0.985216 -0.409949 -0.409003 0.114956 -1.76086 0 0.17487 -0.330224 1.66069 -1.03715 0.0631083 
-0.245637 0.317928 0.106932 -0.435772 0.321633 0.915649 1.0856 -0.955457 -0.703569 0.476531 -2.012 -1.12082 -1.27826 1.49524 0.630313 0 0.333353 -0.66257 0.524186 0.127473 -0.257356 
-0.250332 -0.518272 1.49925 -0.606246 0.0292785 0.791745 0.782934 1.30653 -1.49456 -1.68738 -1.31447 -0.326184 -1.81895 1.47427 1.70934 0 0.0261137 -0.396644 1.1563 -0.384928 -0.247498 
-0.34286 -0.789622 1.53635 -1.15555 0.212568 1.53903 1.17211 -0.340474 -0.0873998 0.0792883 0.622771 -0.88494 -0.763388 0.662477 -0.538155 0 0.209672 -1.10127 1.32244 -0.629978 -0.340337 
-0.145744 -0.94576 1.56487 -0.407791 0.135241 0.848529 0.029665 -0.802437 -0.0873898 1.20196 1.98958 -0.0938438 -0.371875 1.43115 1.10559 0 0.134924 -0.377 1.53896 -0.950642 -0.145438 
-0.131458 -0.487763 1.13403 -0.711957 0.330715 0.808271 0.15297 0.449107 -0.382948 -1.53598 1.22124 -1.30385 -1.68419 0.200211 0.761129 0 0.356175 -0.894229 1.4458 -0.617238 -0.156831 
-0.0288766 -0.942817 1.70116 -0.265215 0.143099 1.14897 0.170774 -1.08592 -0.416555 0.769222 0.202752 -0.548907 1.9558 1.50133 1.62234 0 0.143512 -0.260532 1.81194 -1.05828 -0.0291978 
-0.302605 -0.773124 1.70247 -0.755696 0.182129 0.879652 1.17446 -0.750454 -0.939897 1.6495 0.00182592 -0.754611 1.54598 0.994696 1.15366 0 0.17391 -0.646501 1.54172 -0.721577 -0.294583 
-0.134997 -0.815986 1.69362 -0.904189 0.101388 -1.21049 -0.0754016 0.10411 -0.723134 -1.20239 0.384865 -0.408992 1.45866 0.311991 -0.0129342 0 0.0986126 -0.88284 1.64916 -0.792867 -0.132223 
-0.00980313 -0.691454 0.726028 -0.163027 -0.0177721 1.35475 0.29673 -1.16649 -1.04733 -1.31728 0.113322 -0.92753 -0.764231 0.772763 1.10525 0 -0.0177323 -0.126909 0.647942 -0.649486 -0.00984249 
-0.142195 -0.827739 1.10717 -0.189714 0.0175099 1.80464 1.31763 -1.12464 -1.37179 -1.31512 -0.518282 0.0609264 0.642171 0.81981 -1.11587 0 0.0129834 -0.0796984 0.855771 -0.686353 -0.137696 
-0.220094 -0.854999 1.59052 -1.00776 0.303725 -0.797134 0.174374 -2.01619 -0.670807 0.0671345 0.605431 -0.440828 -0.302053 1.416 1.37534 0 0.306882 -1.11453 1.68949 -0.847197 -0.223057 
0.0163884 -0.383992 0.770563 -0.340967 0.378769 -1.84565 0.82052 -1.38709 -1.15335 -0.42849 1.54516 -1.14914 1.95474 0.26932 -0.423441 0 0.422114 -0.692134 1.48309 -0.745391 -0.0268848 
0.0167378 -0.888902 0.995465 0.401012 -0.202111 0.63497 1.10965 1.67682 -0.128211 1.18824 -0.711625 -0.724426 -0.179182 0.291002 0.0471431 0 -0.201086 0.458768 0.724701 -0.675894 0.0159264 
-0.237418 -1.00283 1.75974 -0.327629 0.171581 1.68684 1.24777 -0.168613 -1.04372 0.0542539 0.400476 -0.129607 0.124848 0.227419 -0.431354 0 0.170769 -0.223614 1.64113 -0.988247 -0.236734 
-0.270943 -1.14801 1.95538 -0.529185 0.0831645 1.45062 -0.129069 -1.94379 -1.21463 1.8064 0.229245 0.0749356 1.17052 0.461898 -0.59769 0 0.0787942 -0.417663 1.72103 -1.02518 -0.266862 
0.0566482 0.0391716 0.275743 -0.0890306 0.351244 -0.667316 0.952852 0.264333 -0.113704 -0.757943 0.272983 -1.12813 -1.51282 0.725587 0.84719 0 0.363805 -0.608959 1.30703 -0.472201 0.0445826 
-0.360184 -0.451603 1.41592 -0.910721 0.239116 1.53739 0.84877 0.764544 -0.622553 -0.802035 -0.0766877 -0.913351 -0.480722 1.2518 -1.07721 0 0.219333 -0.795985 1.23927 -0.389697 -0.340444 
-0.0759166 -0.733516 1.0993 -0.0525964 0.258347 1.554 1.21034 0.429572 -1.19998 0.921903 -2.02556 -1.22689 -0.123396 1.51751 -1.54046 0 0.261921 -0.110949 1.34864 -0.924505 -0.0792018 
-0.195051 -0.472454 1.29234 -0.90484 -0.143339 1.60905 0.176572 -2.08229 -0.487766 -1.59685 -1.37874 -0.312319 1.10237 1.4403 1.10761 0 -0.147149 -0.496223 0.556706 -0.145434 -0.19126 
-0.337905 -0.559106 1.67238 -1.0643 0.0107518 -1.28226 0.98834 -0.853223 -0.661359 -1.79523 -0.838706 -0.761079 -0.667151 1.27897 0.416792 0 -0.0207024 -0.773701 1.20291 -0.380254 -0.306508 
0.15037 -0.668762 1.69317 -1.07473 0.156113 -0.91705 0.568244 0.472279 -1.04918 -1.33687 0.196695 -0.813473 1.83217 1.16171 1.29282 0 0.156809 -1.31933 2.05849 -0.789482 0.149676 
0.0730374 -0.822885 1.20421 -0.191193 0.163696 -1.95962 0.00815231 0.959322 -1.14751 -0.897064 1.70137 -0.261738 0.760007 0.629142 -0.0187999 0 0.166331 -0.30728 1.54269 -1.04528 0.0704832 
0.174498 -0.157205 -0.0738158 0.225714 0.401244 -1.31712 0.22669 -1.57302 -0.405104 -0.498761 0.139544 0.0938348 1.92422 0.0989493 1.03761 0 0.446149 -0.507503 1.50851 -1.00631 0.129595 
0.0208995 -1.09695 1.69049 -0.961488 0.115959 -1.82016 -0.155272 -0.891338 -0.623245 -1.80877 -0.76772 -0.227076 1.14227 1.31507 -1.63545 0 0.116502 -1.05553 1.86242 -1.17484 0.0204193 
-0.0106495 -0.287635 0.531124 -0.677166 0.203763 0.935354 0.366827 1.13204 -0.499867 1.17026 1.41289 -1.04732 0.511556 0.221647 0.976876 0 0.205396 -0.956507 0.991864 -0.469033 -0.0120505 
-0.167365 -0.853659 1.99773 -1.04353 0.0606008 0.362021 1.18747 1.37746 -1.34984 1.14647 0.453788 -0.797091 1.49187 1.52878 -1.4316 0 0.0546576 -0.962035 1.87198 -0.809401 -0.161475 
-0.324657 0.323058 0.46042 -1.1632 0.383925 0.569428 1.29752 -0.115124 -0.671435 -1.54781 1.06578 0.191578 1.97082 0.387649 1.49067 0 0.385439 -1.02962 0.067212 0.582684 -0.325983 
0.1438 -0.296081 0.960653 -0.813466 0.198524 0.239523 0.787043 1.46304 -1.33004 -0.0917646 -0.919133 -1.03141 -1.81191 0.0550299 0.404054 0 0.201652 -1.15671 1.51518 -0.507357 0.14073 
0.131777 -0.334782 0.787265 -0.0326591 0.0939401 -0.149842 0.230745 -0.549033 -0.0845398 0.381962 -1.75914 -1.16898 -1.53355 0.911748 -1.15853 0 0.0935959 -0.243806 1.23344 -0.569806 0.132074 
-0.0813241 -1.02597 1.57865 -0.42513 0.0870284 1.30536 1.15324 -1.90311 -0.796614 -1.28762 1.14049 -1.14529 1.20932 1.25004 1.23474 0 0.0872166 -0.418205 1.58146 -1.03571 -0.0815098 
-0.339308 -0.881575 1.69774 -0.0809924 0.00200727 -1.00102 1.23086 -0.0636492 -0.874876 0.0471718 1.16937 -0.0281645 -1.6972 0.732616 0.415001 0 0.000542531 0.163082 1.20439 -0.632291 -0.338457 
-0.207188 -0.646549 1.99965 -1.27736 0.0846338 -1.14242 0.603072 1.80943 -0.805509 -0.791415 -0.669757 -0.878632 -1.36749 0.0516348 -0.113276 0 0.0739525 -1.16857 1.86324 -0.618944 -0.19656 
-0.12034 -0.45796 1.31782 -1.10833 0.39343 1.08027 0.432065 -0.986896 -1.2191 -0.731691 1.80896 -1.07292 -0.329914 0.369165 -0.995667 0 0.40442 -1.37609 1.64206 -0.514424 -0.130741 
-0.192847 -0.4755 0.37144 0.134541 0.335767 -1.81355 1.13292 -0.253788 -1.48917 -0.280344 -1.0406 0.0853831 -0.772644 1.00315 0.409594 0 0.356418 -0.0601075 0.80669 -0.716108 -0.213484 
-0.185879 -0.471617 1.02871 -0.964555 0.0601973 -1.51808 0.779682 -0.561172 -1.08676 1.07641 -0.095555 -0.436049 -0.397551 1.30086 -1.77147 0 0.0587867 -0.820494 0.725568 -0.31253 -0.184641 
-0.329248 -0.677039 1.72265 -1.15128 -0.00272722 -0.126251 0.515706 0.62449 -0.18843 -1.41315 1.6789 -1.31468 -1.8015 0.699675 0.14905 0 -0.0261317 -0.875465 1.25083 -0.481013 -0.306044 
-0.126707 -0.328896 1.1396 -0.663611 0.0494928 1.64221 0.422172 0.597929 -0.182403 1.56362 1.28383 -0.639463 0.680113 0.0821177 -1.27443 0 0.0472202 -0.576729 0.996456 -0.272633 -0.124471 
-0.0678409 -0.557401 1.56965 -0.665117 0.0114105 1.14888 0.353659 2.00631 -1.33584 -0.473458 -0.735371 0.118166 -1.61111 1.09328 1.79395 0 0.0111711 -0.614231 1.49131 -0.529949 -0.0676242 
-0.038252 -0.890275 1.44239 -0.39398 0.167235 1.23774 0.298382 -1.41642 -0.124746 1.13691 1.733 -0.234898 -1.54534 0.818555 1.11041 0 0.171356 -0.446217 1.61136 -1.007 -0.0422864 
-0.0586422 -0.804052 1.85963 -1.02339 0.103173 -0.891673 0.917416 1.37953 -0.57272 -1.54951 -1.14515 -0.723528 1.63443 0.810708 -0.840633 0 0.106041 -1.05278 1.91374 -0.828775 -0.0615074 
0.286545 -0.357918 1.05317 -0.344433 0.166773 0.643099 -0.170296 0.532086 -0.975217 0.601383 -1.41653 -0.421747 1.32623 0.35514 -0.562658 0 0.1642 -0.704351 1.73517 -0.680002 0.288859 
0.0340203 -0.159853 -0.0347644 0.213369 0.238777 0.904602 0.0589659 0.276235 -0.988051 -0.829461 -0.659095 -1.23209 -1.37692 1.04864 -1.15801 0 0.25475 -0.299619 1.03337 -0.714999 0.0180518 
-0.305986 -0.666751 2.06348 -0.98783 0.196125 -0.818152 0.0520718 0.152834 -0.802499 0.740495 -1.36324 -1.21805 -1.25458 1.36092 1.01389 0 0.194336 -0.829054 1.95209 -0.714143 -0.304453 
-0.118028 -0.0327731 0.148185 0.162789 0.149155 0.285424 1.08861 1.58613 -1.34068 1.08906 1.53469 -0.424516 1.3828 0.622614 -0.650292 0 0.149865 0.0776484 0.355292 -0.15474 -0.118698 
-0.183355 -0.23046 0.495069 -0.688503 0.352835 -0.283517 0.0146648 -0.724937 -1.32659 -0.718137 2.04802 -0.510889 -1.19161 0.904089 -0.511639 0 0.356517 -0.954689 0.865008 -0.334212 -0.186538 
0.110827 0.419286 -0.0528457 -0.680706 0.101684 -1.2118 0.873608 -1.48517 -0.42307 1.29344 -1.00289 -0.142155 1.12539 0.102021 0.824619 0 0.10157 -1.19308 0.841291 0.0375253 0.110932 
-0.0809208 -0.238318 0.296564 -0.0262167 0.382581 -0.890968 0.628207 0.920303 -0.174993 -0.98048 -1.70083 -1.11512 -0.267602 0.460927 -0.388599 0 0.421798 -0.422742 1.12099 -0.666239 -0.120107 
0.0991945 -0.721412 0.590385 0.137971 -0.197137 0.738223 0.35296 0.0759316 -1.21097 -0.447508 0.921274 -0.461811 -0.0242638 1.28025 1.65701 0 -0.189358 0.430319 -0.0263228 -0.397053 0.0914156 
-0.197733 -0.0831163 0.220365 0.209248 0.26303 0.222325 -0.269741 0.246863 -1.31415 1.37929 -0.38332 0.0827879 -1.87134 0.124141 -0.893612 0 0.264865 0.116452 0.490489 -0.260445 -0.199408 
0.0157457 -0.674711 0.901432 -0.265716 0.0419326 1.18759 1.27504 -0.366125 -0.0689873 0.40095 1.49614 -0.377222 0.378434 1.18215 -1.23895 0 0.0423468 -0.320425 1.02177 -0.740339 0.015332 
-0.239837 -0.424643 0.661052 -0.397873 0.365937 -1.4034 0.790733 1.15264 -0.986085 0.936768 0.0465603 -0.743678 1.6531 0.136557 -1.57095 0 0.377549 -0.575927 0.960933 -0.546459 -0.251226 
-0.135063 -0.00295971 0.576397 -0.35509 0.38095 -0.610862 0.982887 -1.33732 -0.761133 -0.313183 -0.661774 -0.61528 -0.0123851 1.47185 -0.803931 0 0.394969 -0.637099 1.1472 -0.291775 -0.148577 
0.0721911 -0.0696138 0.0830841 -0.0952775 0.0382743 -0.707793 0.993109 0.628451 -0.967009 -0.748268 -0.684578 -0.905303 -1.8769 0.554629 -1.48052 0 0.0374473 -0.392019 0.667871 -0.35766 0.073014 
0.0782784 0.148407 0.0205712 -0.0378304 -0.0264884 -0.0744896 0.997547 -1.80155 -0.330954 -1.38821 -0.678555 0.0469101 -1.04184 1.17121 1.24834 0 -0.0274418 -0.260828 0.448595 -0.0566195 0.0792199 
-0.118651 0.157523 0.0473219 -0.770541 0.178478 0.316219 0.148022 -1.37149 -1.52658 0.21739 -1.77752 -0.869443 0.26529 0.569321 -1.24941 0 0.178884 -0.906137 0.217585 0.122856 -0.118957 
-0.0805763 -0.622755 1.48553 -0.863715 -0.149722 1.77248 0.369024 1.16195 -1.17692 0.395441 -1.39498 -1.05952 1.42593 0.475757 1.41681 0 -0.145093 -0.658628 1.11243 -0.454743 -0.0852058 
-0.297704 -0.0712889 0.559489 -0.302234 0.337532 -0.856346 0.407345 0.537859 -0.6111 0.784033 -1.03935 -0.407777 1.14393 1.45778 1.45297 0 0.34089 -0.344055 0.697091 -0.167071 -0.300979 
-0.176148 -1.06439 1.29371 0.182436 0.277063 1.12853 0.487458 1.85265 -1.32583 0.196996 0.529579 -0.341804 0.0696823 0.846202 -0.205854 0 0.278354 0.249571 1.32249 -1.1603 -0.177236 
-0.176557 -0.936546 1.23677 -0.473507 0.22754 -0.568687 0.263183 1.30239 -0.165855 -1.39634 -1.60379 -0.207175 -1.08699 1.3984 0.526946 0 0.230492 -0.534732 1.32979 -0.968339 -0.17944 
0.171764 -0.140138 0.604448 -0.602124 0.0123909 1.63243 -0.243165 1.1373 -1.23901 -0.357953 -0.333935 -1.23449 -1.32511 0.526252 1.39655 0 0.00716806 -0.845148 1.04818 -0.340847 0.176912 
0.208626 -0.399467 0.735052 -0.0887555 -0.155424 1.85512 0.405874 0.775548 -0.867087 0.314347 -1.22405 -0.414698 -0.929802 0.780324 1.55702 0 -0.157295 -0.18219 0.880642 -0.451622 0.210412 
-0.0367389 -0.700725 1.51982 -0.804416 0.343406 -0.584236 0.290095 0.115527 -1.53588 -1.68671 -0.125064 -0.170583 1.19763 0.962526 1.09125 0 0.391919 -1.01329 1.90957 -0.881622 -0.0852427 
-0.17624 -0.998295 1.3022 -0.417284 -0.00661165 0.185503 0.0204441 -1.32447 -1.36065 1.701 -1.79288 -1.04161 -0.292033 0.161833 -1.16883 0 -0.0128465 -0.292983 0.98937 -0.809762 -0.170066 
-0.304397 -0.290163 0.833427 -0.9301 0.129836 2.05045 -0.167473 1.42867 -1.29715 1.60942 1.81101 0.144065 -1.93894 0.235995 -1.52425 0 0.12609 -0.59063 0.13907 0.0647261 -0.301061 
0.293087 -0.74637 1.51553 -0.202798 -0.195022 1.76796 0.153233 0.966167 -0.665109 -0.223468 1.56147 -1.17898 0.809881 0.279464 1.20894 0 -0.195955 -0.365631 1.68281 -0.750816 0.293777 
0.0578273 -0.790858 1.81925 -0.496368 0.0641241 0.579842 0.426745 -0.205913 -1.43794 -0.634276 -1.7511 -0.32268 1.90016 0.186846 1.47364 0 0.0641387 -0.551008 1.95984 -0.876808 0.0578165 
0.0393273 -0.665157 1.57281 -0.775363 0.175265 0.321894 1.28914 -0.0444173 -0.32994 0.852606 -1.4075 -0.168724 0.204571 0.239504 0.377086 0 0.180756 -0.919237 1.85156 -0.800034 0.0339195 
0.161968 -0.914135 1.18597 0.391884 -0.196979 -0.728491 1.11823 -1.35215 -1.40746 1.12629 -1.52962 -0.733538 -0.995708 0.22742 -1.80711 0 -0.196821 0.286812 1.25826 -0.881354 0.161871 
0.196021 -0.0962387 0.591528 -0.551181 0.340926 -0.06064 -0.042485 -1.39038 -1.15006 -1.55978 1.96525 -0.651216 -0.905215 0.0496574 0.119808 0 0.365189 -1.13747 1.5754 -0.493812 0.171821 
0.206614 -0.357069 0.558415 -0.492642 -0.266284 0.315798 0.970784 -0.688904 -1.46801 0.59423 -1.41347 -1.22876 -1.67678 1.04623 0.13208 0 -0.264015 -0.330817 0.309887 -0.270366 0.204483 
-0.364638 -0.506746 1.45587 -1.16975 0.399007 1.84613 -0.0978155 1.33036 -0.754983 1.45543 -1.08997 -0.0501988 -0.245884 0.984174 -0.504638 0 0.401607 -1.22925 1.45853 -0.449909 -0.367136 
-0.0789107 -0.592483 1.65195 -0.82505 -0.174362 0.173721 0.703339 1.81154 -1.41023 0.334152 1.55317 -1.00885 -0.379005 0.61272 0.750518 0 -0.171928 -0.626769 1.28254 -0.421355 -0.0812417 
0.00965257 -0.628973 1.23885 -0.807783 0.240122 -0.203675 0.505927 2.01829 -0.299526 1.26241 0.630068 -0.886807 -1.58509 1.04491 -0.333806 0 0.246962 -1.02587 1.60627 -0.778306 0.00303307 
-0.0271558 0.024445 0.918663 -1.13539 0.016077 1.5633 0.363787 -0.503552 -0.0452129 1.63138 -0.304795 0.302119 -0.563223 1.48282 -1.22977 0 0.0160169 -1.12083 0.892712 0.0358311 -0.0270975 
0.149384 -0.590043 1.01997 0.246082 0.0985357 1.77337 0.760539 -1.11412 -0.446163 -0.962035 0.742951 -0.524374 1.76775 0.16806 1.75068 0 0.0983699 0.105639 1.39735 -0.826979 0.149486 
0.0968961 -0.591827 1.3121 -0.532554 0.0564826 1.04774 0.420858 -1.67018 -1.21166 0.151224 1.97259 -0.830304 -1.48673 1.14042 -0.89346 0 0.055681 -0.648735 1.54203 -0.705578 0.0976749 
0.139361 0.136571 0.251498 -0.298685 -0.166174 1.54652 0.930816 -1.92698 -1.53581 0.54499 1.03539 -0.0189139 1.75075 1.19204 1.74972 0 -0.16449 -0.275317 0.198202 0.166498 0.137687 
-0.090245 -0.414787 0.232692 -0.148937 0.35562 1.74939 0.662382 -0.980265 -0.900587 0.140938 1.89069 -1.18729 1.7466 0.684452 -0.860431 0 0.363125 -0.587254 1.05329 -0.797064 -0.0971397 
-0.085785 -0.806436 1.51346 -0.920674 -0.145896 -0.116259 1.17025 -1.86973 -0.315436 -0.277687 -0.240277 -0.965074 1.65237 0.50365 -1.55064 0 -0.144302 -0.723326 1.1465 -0.636826 -0.0873241 
0.290745 -1.01341 1.43437 0.0250631 -0.204838 2.02041 0.401996 0.720756 -0.750431 0.664657 1.02097 -0.388531 1.59819 0.645335 0.481226 0 -0.205966 -0.103105 1.61154 -1.06242 0.291678 
-0.296354 0.0265806 0.0662864 0.373206 0.412256 -0.802085 -0.217845 1.86319 -1.07341 -1.78534 -1.74213 0.0781734 -1.70276 1.26651 0.515251 0 0.41524 0.230246 0.525324 -0.2895 -0.298869 
0.10616 0.0119423 0.205531 -0.352924 0.254949 0.182807 -0.00425659 0.569622 -0.192377 0.4901 0.292243 -0.61673 0.444642 0.040705 -0.202303 0 0.264686 -0.906564 1.20748 -0.436363 0.0965629 
-0.32668 -0.830725 1.7645 -0.42547 0.39107 -0.635588 1.22512 1.0726 -0.469704 -0.312224 -1.28432 -1.06686 1.18018 0.636757 1.00859 0 0.392023 -0.284203 1.77089 -0.978383 -0.32742 
0.118572 -0.215617 0.170056 -0.112459 0.274956 1.16439 0.346789 -0.990677 -0.653314 -0.0820523 -1.88363 -0.66034 -0.339126 0.318726 0.00506062 0 0.284645 -0.666816 1.27056 -0.761752 0.10907 
-0.36043 -1.13945 1.61584 -0.331082 -0.104253 -0.317805 0.172945 0.585589 -0.687234 0.371879 -1.30314 -0.421654 0.474578 1.21768 0.103678 0 -0.124315 -0.0495508 0.883824 -0.688991 -0.340685 
0.135585 -0.670045 0.96547 -0.461781 -0.170653 1.34997 0.409964 -0.645847 -1.27053 0.900591 -1.14369 -0.901765 1.28971 1.23582 -1.14286 0 -0.169048 -0.408186 0.883029 -0.641199 0.134013 
-0.380932 -1.03594 1.84952 -0.477554 -0.0198967 -1.82571 0.000655291 0.316259 -0.91569 -0.0716928 1.71934 -0.386439 -0.139692 0.539423 -1.76572 0 -0.0279219 -0.235401 1.30927 -0.737854 -0.373606 
0.0335806 -0.444107 0.592224 0.223546 0.165612 1.19674 0.099987 2.06205 -0.265519 -0.815059 -1.76573 -0.209423 1.81109 0.656117 1.3845 0 0.166875 0.0516267 1.02781 -0.707769 0.0324547 
-0.300609 0.134966 0.0512193 0.0511352 0.398893 -1.38831 0.907793 0.578807 -0.552465 -0.0917082 -1.4825 -0.563689 0.809388 0.255795 -1.27612 0 0.405902 -0.192878 0.610941 -0.180749 -0.307335 
-0.0845821 -0.694909 0.642727 0.158322 -0.0479576 1.95892 0.575243 1.84992 -1.01151 1.48278 -2.01092 -1.3038 -0.925899 1.08873 1.56608 0 -0.048946 0.193578 0.521948 -0.609387 -0.0836021 
-0.225775 -0.448448 1.4524 -1.06233 0.399062 -1.3578 1.28278 1.95475 -0.532612 -0.162388 0.850102 -0.658771 1.06522 1.40327 1.73834 0 0.433571 -1.21782 1.66271 -0.503236 -0.260185 
-0.130727 -1.02758 1.9559 -0.946617 0.18744 0.193693 0.565624 -0.376967 -1.2171 -0.380252 -1.10387 -0.499132 2.05204 0.106956 -0.807886 0 0.19555 -0.980641 2.02179 -1.05945 -0.138835 
0.0932724 0.262549 0.0203232 -0.460869 -0.08332 -0.327263 0.867996 0.123124 -0.727405 0.197258 -2.03124 0.204752 -0.33756 0.61883 0.915991 0 -0.0835675 -0.567846 0.242178 0.147671 0.0935141 
-0.0894153 -0.161994 -0.0269953 0.106828 0.26918 -0.942066 -0.223954 -0.338833 -0.503944 -1.65374 1.2923 -1.14947 0.254526 0.790388 1.46133 0 0.283672 -0.328909 0.841112 -0.594356 -0.103834 
-0.292129 -0.948813 1.20401 0.0400749 0.129906 -1.27136 0.90628 0.403672 -0.880196 -1.75626 -1.18888 -0.0318352 -0.994178 0.214073 -0.188221 0 0.125208 0.197474 0.871395 -0.773604 -0.287751 
0.170869 -1.00887 1.3468 0.215648 -0.0229866 -0.136108 0.964869 -0.432933 -0.440268 -0.924089 0.7223 -1.23305 1.13474 0.768998 1.44608 0 -0.0234208 0.132872 1.56208 -1.14137 0.171177 
-0.296584 -0.455496 0.691961 -0.549676 0.378491 0.48617 0.102475 1.49906 -0.841179 1.10129 0.0681479 0.141405 -1.90631 0.828375 1.66828 0 0.382298 -0.698157 0.870159 -0.485212 -0.300118 
-0.0870848 0.0583927 0.129028 -0.302221 0.348453 -0.243355 0.12649 0.157942 -0.40144 1.28246 -0.638885 -0.232041 -0.123718 0.648276 -1.14021 0 0.371153 -0.78285 0.998556 -0.330478 -0.109558 
-0.317422 -0.771995 1.3667 -0.74738 0.332605 0.854475 -0.0746461 0.325631 -0.552416 -1.66961 -0.246792 -0.0870644 0.894062 0.800448 -1.358 0 0.334198 -0.790138 1.38959 -0.75212 -0.318985 
0.252388 -0.657905 1.04961 0.284209 -0.130339 0.1259 0.355181 0.225003 -1.38683 -1.18408 -0.586804 -0.279382 1.23206 1.37634 -1.35628 0 -0.13099 0.105505 1.3267 -0.756294 0.252798 
-0.0985852 -0.953252 1.37441 0.329208 0.170326 -1.00066 -0.058548 0.620124 -0.22702 1.2795 1.82239 -0.615972 -0.154483 0.687285 0.804263 0 0.170472 0.413296 1.35636 -1.0193 -0.0986489 
-0.175016 -0.854775 1.42315 -0.130774 0.15379 1.50676 1.29706 -0.3121 -1.15709 0.507335 -1.18588 -0.204681 0.228318 0.467714 1.41043 0 0.153564 -0.0573227 1.35208 -0.857159 -0.174825 
-0.00639041 -0.414799 0.372595 -0.578747 0.16132 1.34955 0.235643 1.55291 -0.6371 -1.60166 1.55122 -0.202057 -1.31258 1.42583 0.261468 0 0.161915 -0.849987 0.840218 -0.611181 -0.00682075 
0.351853 -0.315544 0.41106 0.292883 -0.129445 0.455246 1.19436 0.0860874 -0.897832 1.73582 0.938756 -0.804111 1.58573 0.250892 -0.800973 0 -0.134339 -0.0433498 1.04681 -0.615061 0.356191 
-0.299562 -0.114492 1.09037 -0.948224 0.0914022 0.434064 0.418035 -0.208146 -1.05632 0.323153 -0.64629 -0.29712 1.81329 1.17473 1.40354 0 0.0695644 -0.680374 0.651766 0.0562573 -0.277737 
-0.12771 -0.797794 1.70601 -0.642941 -0.0576652 1.84488 0.521963 -1.71665 -0.366329 -1.329 -0.362176 -1.3064 -1.41739 0.843212 1.21901 0 -0.0587223 -0.517019 1.451 -0.668705 -0.126711 
0.155092 -0.56738 1.00582 -0.546534 -0.160518 -1.99515 0.733621 1.45283 -1.21693 -1.59529 -1.83436 -0.979183 1.56888 0.556687 0.371686 0 -0.160168 -0.531057 0.994015 -0.571051 0.154745 
0.146627 -0.749138 1.34777 -0.818104 0.267756 -1.80044 0.141937 -0.92651 -1.15877 -0.141503 -0.151642 0.214594 -0.0717995 1.46983 -0.180594 0 0.272506 -1.12322 1.90287 -0.999117 0.142077 
0.203925 -0.397418 0.467449 -0.220795 0.218424 1.25696 0.819556 1.41647 -1.44853 -0.156059 -0.360766 -0.0821111 0.182981 0.791796 -0.48801 0 0.219434 -0.667119 1.39085 -0.874498 0.202933 
-0.227899 -0.518032 1.08925 -0.0649253 0.38933 -1.827 1.07953 1.18825 -0.61333 1.55074 -1.86764 -0.391424 0.922707 0.646206 1.74199 0 0.391936 -0.0431404 1.26519 -0.715757 -0.229979 
0.341482 -0.391264 0.677834 -0.181864 0.21668 2.03012 -0.127089 -1.7599 -0.421374 -0.954308 0.275415 -0.627171 -0.0818487 1.33797 1.02542 0 0.200749 -0.644637 1.66125 -0.911923 0.35727 
0.256145 -0.501318 1.30277 -0.569182 -0.0134379 -1.50983 0.0850197 1.59972 -0.138647 1.15194 0.553382 -1.05734 2.0044 1.47031 0.783669 0 -0.0196491 -0.773852 1.65029 -0.644172 0.262084 
-0.374039 -0.445551 1.59446 -1.37409 -0.0170096 1.47291 0.920874 1.24109 -1.36547 -1.51515 0.189124 -0.353698 1.62398 0.400814 0.189714 0 -0.0315456 -0.994763 0.996467 -0.226865 -0.360064 
-0.102339 -0.966619 1.52773 -0.265157 0.13102 -1.9944 0.833603 -0.488224 -0.990737 -1.75321 -0.77862 -1.20411 -0.322011 0.385784 -0.455688 0 0.131432 -0.245969 1.54684 -1.00492 -0.102721 
0.0194156 -0.250564 0.729749 -0.179052 -0.123086 -1.65634 0.978624 -1.79683 -0.582433 -0.535114 -1.31384 -0.493599 -1.14327 0.731484 0.913854 0 -0.121937 -0.00227888 0.356475 -0.0540638 0.0183414 
-0.030532 -0.0928948 0.582389 0.0223981 0.349137 0.590457 0.152441 0.839424 -0.878545 0.289767 0.37606 -0.747924 0.492816 0.825078 -0.981728 0 0.35261 -0.243005 1.23797 -0.48308 -0.0333144 
0.16891 -0.464081 0.646598 -0.11644 -0.116612 -1.56061 0.763184 -1.26408 -0.341673 1.58275 0.29544 -1.03471 0.871732 1.45951 1.03368 0 -0.120209 -0.191217 0.793705 -0.536412 0.172495 
-0.355426 -0.655673 1.26392 -0.118182 0.384535 0.399939 0.601831 1.82851 -0.34287 0.614027 0.990416 0.101047 0.949407 1.06297 1.70761 0 0.385127 0.0154777 1.20892 -0.734331 -0.355907 
-0.0873268 -0.563916 0.847093 0.0135703 0.0866614 1.21654 0.450923 0.055584 -1.26737 0.111998 -1.29575 -1.08501 1.8717 0.79113 0.687607 0 0.0866529 0.0368867 0.827054 -0.567193 -0.0873189 
0.0616746 0.393074 0.0372687 -0.555804 -0.171808 -0.887298 0.311041 0.546159 -0.689673 -1.40156 0.838627 -0.428818 -0.33536 0.349142 -1.28318 0 -0.167101 -0.507145 -0.000172783 0.381706 0.0570008 
-0.165415 -1.13823 1.91018 0.0325544 0.113827 -1.11227 0.774416 1.38374 -1.43202 -1.30697 -0.901643 -0.396551 0.370686 0.619247 0.357208 0 0.113742 0.147522 1.78383 -1.12684 -0.165387 
-0.140839 -0.136277 0.747718 -1.30818 0.0293443 -2.00461 0.897993 -1.56444 -1.47162 0.872178 -1.03468 -0.719706 -0.359829 0.215018 1.03755 0 0.0290762 -1.07063 0.288437 0.0854549 -0.140674 
-0.299723 -0.116501 1.01012 -1.23939 0.10386 -0.655359 0.552954 1.51094 -0.570735 -1.21499 -1.64724 0.166066 -1.73151 0.714704 -0.934726 0 0.0995833 -0.944881 0.471719 0.12739 -0.295841 
0.124883 -0.275531 0.300104 -0.47447 0.314674 0.723105 0.919706 1.03407 -0.851712 1.75488 -0.0100561 -0.139249 1.57468 1.41807 -1.69863 0 0.317568 -1.05448 1.33864 -0.734061 0.122442 
0.00176247 0.149196 0.337833 -0.911555 0.137856 1.43887 1.07214 1.76306 -1.19832 1.11858 1.75399 -0.607018 1.68929 0.619254 -1.78349 0 0.138531 -1.15422 0.719096 0.0106034 0.00118578 
-0.16438 -1.01193 1.79943 -0.631497 -0.239237 0.578262 0.595435 0.258383 -0.575088 -1.60517 0.205411 0.227302 -0.0535882 1.21804 -0.866771 0 -0.234417 -0.395166 1.23585 -0.684683 -0.169109 
-0.183771 -0.780134 0.896415 -0.214142 0.36754 -1.29678 0.115652 1.24838 -0.95813 1.03711 -1.78027 -1.16601 2.00952 0.384153 -1.79856 0 0.390277 -0.373139 1.23761 -0.962311 -0.20634 
-0.0127243 -0.569259 0.873665 -0.1764 0.304375 -0.369879 1.28947 1.72361 -0.71977 1.56805 -0.95505 0.268019 -0.851692 0.158792 0.712366 0 0.322128 -0.385677 1.38071 -0.867042 -0.030244 
0.107622 -0.424894 1.52501 -0.798067 0.142608 1.20622 0.271881 0.0103436 -0.309067 -1.5729 0.250198 -0.0937291 1.50568 0.0603811 -0.275504 0 0.143123 -0.99467 1.84675 -0.550022 0.107147 
-0.071365 -0.586631 1.36373 -0.637094 -0.042747 0.687265 0.0966152 0.756402 -1.14414 0.998799 0.420008 -0.173653 1.07842 0.690493 0.222085 0 -0.0433209 -0.538298 1.17452 -0.496212 -0.0707997 
0.0195302 -0.12315 0.162253 0.109546 0.241264 -1.30897 -0.0651275 0.656945 -1.08195 -1.02153 0.107025 -1.22768 0.116619 0.282537 -0.515116 0 0.250856 -0.301788 1.0236 -0.573169 0.0100987 
0.208008 -0.527815 0.672737 -0.253138 -0.231827 -0.0183737 -0.205705 0.672795 -1.0002 -1.40359 -0.38701 -1.3213 1.32791 0.624363 -1.78651 0 -0.229779 -0.200106 0.588688 -0.496797 0.205977 
0.0842741 -0.14156 0.546184 -0.118191 -0.0426617 -0.816908 1.13646 1.59013 -1.07425 -0.156849 -0.552179 -0.198835 0.403507 0.245884 1.72574 0 -0.0430928 -0.1958 0.681032 -0.198799 0.0846795 
-0.353941 -1.08684 1.7677 -0.332623 0.0981657 1.54416 1.16767 -0.907601 -1.08895 -1.1885 2.0828 -1.27127 -1.50691 0.127212 1.55095 0 0.0925604 -0.165623 1.41373 -0.899872 -0.348883 
-0.126936 -0.933373 1.61538 -0.846862 0.363268 1.90355 0.824176 -0.140779 -0.260172 1.53869 1.61499 -0.675735 -0.189479 0.0425908 -1.78173 0 0.37974 -1.02106 1.90819 -1.05196 -0.143015 
-0.226018 -0.474166 1.33148 -0.952813 0.317578 -1.66153 0.269298 -0.0232747 -0.500122 1.08939 1.29156 -1.0887 -0.662769 0.240898 0.45542 0 0.329414 -1.04476 1.45317 -0.503903 -0.237767 
-0.072771 -0.326339 0.313715 0.35389 0.157725 0.356258 1.01398 1.35494 -1.50695 -1.12769 0.465058 -0.928213 -1.82682 0.882541 -1.17018 0 0.158884 0.244604 0.594735 -0.498073 -0.0738275 
-0.114789 -0.0287614 0.331036 -0.272706 0.111509 1.58914 0.312697 -2.07901 -1.47486 -1.38204 -1.43943 -0.47944 0.77595 0.885974 1.71554 0 0.111327 -0.262004 0.313582 -0.0220105 -0.114607 
-0.0914261 -0.671648 0.641644 0.0521132 0.0262313 -0.653431 0.102937 0.459932 -0.783641 0.578856 0.890664 -1.06952 1.24148 0.933789 -1.31443 0 0.0241941 0.159335 0.408516 -0.545742 -0.0893897 
-0.162927 -0.955411 1.23604 0.24307 0.242317 -1.22286 1.24292 -0.432323 -0.791926 0.823669 -0.279734 -0.0386892 -0.912648 0.669369 0.295864 0 0.24291 0.323236 1.23093 -1.03047 -0.163372 
-0.229846 -0.287315 0.771444 -1.48611 0.125238 0.227391 -0.245753 -0.980822 -1.5022 -1.77005 -1.46141 -1.1477 -1.03493 0.583481 0.701087 0 0.12502 -1.25414 0.228123 0.0240304 -0.229809 
0.174029 0.112738 0.121356 -0.140205 0.252971 -1.45061 1.26643 0.251043 -0.81365 0.441396 -1.91033 -0.95868 0.798582 1.28199 1.23337 0 0.260755 -0.778037 1.3151 -0.443181 0.166298 
-0.188381 -0.874496 1.5401 -0.0651709 -0.0836738 -0.586601 0.81531 -0.386401 -1.12667 -1.4612 -1.05446 -0.400685 -0.397819 1.03072 0.471417 0 -0.0842347 0.0934676 1.14176 -0.634796 -0.187977 
0.139138 -0.159788 0.60085 -0.626648 0.0360434 1.24451 1.05981 2.05788 -0.336228 -0.460596 -0.905334 -1.01621 1.80371 0.83611 -0.551399 0 0.033616 -0.861042 1.0281 -0.352648 0.141502 
0.31178 -0.549973 1.09219 0.0246024 -0.165583 1.54443 1.29387 0.681127 -0.196552 0.793167 0.455075 -0.579811 -1.51625 0.213302 1.6181 0 -0.167108 -0.175432 1.37597 -0.633718 0.312927 
-0.062352 -0.31094 0.867941 -1.30882 -0.163916 -0.172862 0.842655 1.46893 -0.443341 0.325302 -1.81022 -0.431714 -0.932475 0.872424 -1.08093 0 -0.163587 -0.931713 0.254366 -0.074468 -0.0625429 
0.0716989 -1.11421 1.62076 -0.422906 -0.0412592 -1.67082 0.749051 -1.29273 -0.932961 0.54941 0.9856 -0.697787 1.77257 0.29787 -1.52721 0 -0.0422068 -0.439184 1.66128 -1.13845 0.0726408 
-0.0409747 -0.526188 0.752916 -0.272354 -0.272837 -0.650729 0.59844 0.255825 -0.944807 0.344759 -1.01747 -0.81045 -1.80136 0.0402869 -1.31079 0 -0.257038 -0.428996 1.03 -0.646625 -0.0567503 
-0.247796 -0.547939 1.02418 -0.522669 -0.032125 -1.69049 0.953922 -1.61188 -0.312803 -1.79757 -1.09153 -0.619115 -1.26408 0.553477 -1.02665 0 -0.0460674 -0.0324647 0.0488284 -0.0627876 -0.233875 
-0.224347 -0.984598 1.49916 -0.586593 -0.200582 0.953467 0.758128 0.841449 -1.06038 1.29351 0.195996 -1.28949 1.29137 0.274736 -0.39517 0 -0.202903 -0.235901 0.719238 -0.555371 -0.222035 
0.111244 -0.712586 1.01461 -0.239898 0.114571 -1.68373 0.846153 1.96698 -0.608723 0.836057 1.77915 0.027471 1.76502 0.877015 0.679602 0 0.114786 -0.398478 1.3939 -0.933289 0.11103 
0.199794 -0.174971 0.637459 -0.360746 0.0789197 0.35348 0.359609 -1.77584 -1.44041 -1.27633 2.04877 -0.866711 0.123377 0.0975054 -0.0350002 0 0.0715469 -0.685551 1.23933 -0.45204 0.207109 
-0.191434 -0.450838 1.28257 -1.07017 0.214574 -0.86868 0.0743872 -0.105538 -0.161288 -1.72407 -0.780138 -0.656516 0.0774142 0.921389 0.732209 0 0.215455 -1.10805 1.29328 -0.423668 -0.192276 
0.346607 -0.405796 0.325386 0.272471 -0.0696483 -1.05947 1.10948 0.193356 -0.0429086 1.50451 0.864981 -0.560614 0.468077 1.19822 0.134709 0 -0.0842594 -0.0834687 1.08598 -0.810471 0.360804 
0.146124 -0.0881412 0.351164 -0.585672 0.252674 0.324276 0.250418 1.5633 -0.189443 1.37426 -1.8205 -0.651191 1.72258 1.45014 0.124398 0 0.255182 -1.12709 1.28078 -0.476334 0.143824 
-0.229622 -0.130398 0.414817 -0.280549 0.405396 -1.87629 -0.0517909 -1.04614 -1.26898 1.02384 0.539088 -0.253482 1.18923 0.267202 0.355469 0 0.435588 -0.541057 0.915958 -0.371033 -0.259814 
-0.138845 -0.664514 1.01005 -0.395549 -0.0498117 -1.77127 0.895535 0.37227 -1.03778 1.05662 1.07562 -1.11125 -2.07059 0.399111 0.40403 0 -0.0538423 -0.159023 0.51582 -0.406808 -0.134822 
0.137575 -0.764496 0.925789 -0.347025 -0.100381 -1.49378 0.128898 1.14042 -0.0889476 1.01031 1.02743 -1.19657 -0.108825 1.31629 0.563185 0 -0.101574 -0.36426 0.991967 -0.813438 0.138737 
0.317788 -0.257011 0.0947858 0.458487 -0.163254 0.714427 0.918049 1.84244 -0.607135 1.76954 -1.75861 -0.657817 0.631608 0.707401 -1.43069 0 -0.168619 0.0864104 0.813505 -0.603657 0.322799 
-0.144654 -0.414236 1.02202 -1.06762 0.234415 -0.643002 1.16458 0.543731 -0.774753 -0.108125 -0.249986 -0.353242 -0.790669 1.53034 0.578915 0 0.23551 -1.1811 1.12087 -0.399607 -0.145567 
-0.0949722 -1.16701 1.83057 -1.00258 0.0457548 1.38922 1.31775 -1.79438 -1.53278 1.25129 0.255421 -0.849922 2.07851 0.852435 -0.905801 0 0.0454071 -0.99471 1.7726 -1.11692 -0.0946579 
0.215922 -0.498916 0.300857 0.448844 0.0420649 0.840863 -0.247142 -0.472404 -1.49252 1.23137 1.92131 -0.466844 0.829367 0.510929 1.35968 0 0.0382124 0.140614 1.01571 -0.905542 0.219579 
-0.169139 -0.766263 0.981637 -0.416435 0.133501 1.97799 0.6058 0.27709 -0.794941 -0.308909 1.54638 -0.0382369 1.33432 0.115524 -0.127227 0 0.132164 -0.404075 0.918369 -0.715355 -0.167841 
-0.170981 -0.31204 1.09552 -1.36836 -0.0708941 0.228374 1.09765 -1.83589 -1.32743 1.0286 1.88611 -0.785539 -0.71592 1.28024 0.827926 0 -0.0714156 -1.05209 0.564244 -0.0970287 -0.170596 
-0.0441468 0.131802 0.296852 -0.790964 0.252937 -1.2957 0.0958003 -0.13551 -0.863789 -0.709077 1.86364 -0.323247 1.56568 0.798479 1.04671 0 0.255906 -1.1398 0.837714 -0.0602173 -0.0468024 
-0.210568 -0.695546 0.734218 0.350718 0.302448 0.257835 -0.189414 -1.39544 -0.482474 1.49442 0.978439 -1.06518 1.70388 0.706258 -1.70164 0 0.304344 0.390755 0.790756 -0.792122 -0.212229 
0.060459 -0.22354 0.817597 -0.505501 -0.100354 0.735656 0.0100835 -0.121002 -0.629076 1.32968 0.800588 -1.17464 0.107031 0.43659 1.80405 0 -0.098966 -0.452202 0.710973 -0.170215 0.0590787 
0.141081 -1.18335 1.12965 0.310929 -0.270955 1.81879 0.0836645 1.27862 -0.633168 -0.532482 -1.23449 -0.65644 -0.995591 1.05849 -1.08343 0 -0.266898 0.299798 1.01349 -1.05607 0.137254 
-0.157838 -0.555583 1.02058 -1.11883 0.0672743 0.097219 0.49105 -1.30402 -1.30318 -0.805954 1.82969 -1.12924 0.29387 0.818964 1.09239 0 0.0668821 -1.02644 0.790378 -0.417769 -0.157569 
0.171491 0.0407843 0.176793 -0.0493712 0.247489 0.901447 -0.313309 -1.65749 -0.988101 -0.625243 -0.65665 -0.382689 0.664659 0.279709 0.0301281 0 0.252199 -0.634807 1.31328 -0.51027 0.166884 
-0.0725854 -0.511687 0.859623 0.190977 0.306116 0.249714 0.207164 1.41145 -1.17773 -1.22794 -0.874663 -1.28378 0.177326 0.726725 -0.906965 0 0.308083 0.125204 1.18808 -0.774374 -0.0740875 
0.214926 -0.800876 0.651517 0.346344 -0.242963 2.04368 0.736712 0.64848 -0.956344 -1.64826 -1.75337 -0.933625 -1.85965 0.547563 -1.61428 0 -0.241387 0.317671 0.654414 -0.775101 0.213398 
-0.0610328 -0.314589 1.54047 -1.13047 0.146745 1.51396 0.777458 0.106478 -0.116139 1.25693 1.39582 -1.10199 1.49828 1.36835 1.50509 0 0.151205 -1.20583 1.6536 -0.352362 -0.0654579 
0.19906 -0.693987 1.08785 -0.126822 0.227864 -0.0502773 0.0959844 1.46138 -1.49534 0.250927 -0.126407 -1.17412 0.884362 0.599178 1.06947 0 0.228717 -0.346331 1.69768 -1.08431 0.19826 
0.290098 -0.559173 1.09108 -0.180457 0.360735 -0.0988803 0.860033 -0.913534 -1.33683 -0.521182 1.36235 -0.53932 0.382299 0.744032 0.650155 0 0.362479 -0.50888 1.96273 -1.1024 0.288551 
0.293073 -0.545181 1.10757 -0.363055 0.280799 -1.14043 0.710664 -2.01573 -0.641167 -1.46267 1.9382 -0.211469 0.141534 0.439686 -1.52349 0 0.280044 -0.731976 1.91678 -0.985462 0.293802 
-0.06278 -0.920528 1.7377 -1.09105 0.257817 2.02383 0.362122 -1.0425 -0.563556 0.345317 -0.768351 0.311457 1.18923 0.321546 -1.02453 0 0.261789 -1.26017 1.96669 -0.980399 -0.0664842 
-0.033808 -0.518351 1.16752 -0.612626 -0.00641399 -1.43704 0.376643 -1.39919 -1.24558 -1.10219 -0.508795 -1.2832 1.30493 0.938114 -0.0163387 0 -0.00671832 -0.573757 1.09359 -0.48329 -0.033504 
0.156971 -0.616219 0.969594 -0.388463 -0.231146 2.00988 1.01977 -1.9242 -1.16373 -1.68579 -2.01026 -1.08576 1.24325 1.48123 -0.225555 0 -0.223716 -0.30397 0.80132 -0.532438 0.149548 
-0.206049 -0.489871 0.627564 -0.158524 0.275748 -1.43754 -0.0298133 -0.663937 -0.343854 1.18904 -0.561392 -0.312186 -0.452486 0.0889456 1.622 0 0.284679 -0.25075 0.815964 -0.586045 -0.214978 
-0.017425 -0.683063 0.318419 0.351182 0.346397 1.5052 0.424788 0.76133 -0.0496826 -0.851612 1.79936 -1.18363 0.0772707 0.420729 1.12247 0 0.387619 0.0457531 1.09824 -1.15745 -0.0586412 
0.226493 -0.391991 0.581435 0.103146 -0.256323 -0.00723673 0.128737 -1.35915 -0.944938 0.137845 0.0539347 -0.596564 1.06074 0.190797 -1.47175 0 -0.255206 0.086344 0.539311 -0.333066 0.225446 
-0.0912477 -0.806688 1.78634 -0.51551 0.281065 -0.229747 0.646687 -1.75771 -1.27859 0.537516 0.472896 -1.15105 -1.16745 0.643728 -1.05229 0 0.282696 -0.514891 1.98064 -1.00161 -0.092556 
-0.0494804 -0.75648 0.974366 -0.221257 0.164432 -1.73207 0.929082 -0.510497 -0.979138 -1.30171 -1.69129 -0.992828 0.543239 0.80609 -0.849139 0 0.172036 -0.31035 1.18491 -0.87793 -0.0570846 
0.211541 -0.530412 0.687902 -0.745609 0.316915 1.29295 0.664643 0.0896894 -0.892205 -1.51022 1.28968 -0.822883 0.897536 0.614265 0.53088 0 0.317995 -1.26423 1.5929 -0.916783 0.210757 
0.295283 -0.785269 1.12116 0.472718 0.0812035 1.53976 1.13209 -0.353724 -1.5215 -0.444989 -0.687862 -0.0962685 1.8417 0.10994 -1.50651 0 0.0807605 0.317001 1.61711 -1.1255 0.295418 
-0.0591429 -0.229753 0.805606 -1.04317 0.290202 1.49213 0.703754 2.08264 -1.19654 -1.73629 -0.308919 -0.963403 -1.21268 0.213018 0.325451 0 0.292521 -1.31323 1.15139 -0.305479 -0.0610459 
-0.188157 -0.10361 0.0947662 -0.537269 0.192026 0.328765 0.266612 -1.68755 -1.27631 -0.776819 -0.523062 -1.27062 0.122007 0.045972 0.575727 0 0.192068 -0.577648 0.0776994 -0.0461641 -0.18819 
-0.190472 -0.637831 0.567657 -0.0145874 0.306321 -0.357953 1.00817 -1.61047 -0.932146 0.360607 1.97213 -0.756084 -1.78512 0.215142 1.08717 0 0.319438 -0.166084 0.881741 -0.800412 -0.203519 
0.0219839 -0.513838 1.52695 -1.12613 0.204906 -1.44211 -0.125779 -1.78004 -1.20313 1.57468 -0.895306 -0.377045 0.994129 0.840979 0.382382 0 0.214063 -1.3302 1.80719 -0.589998 0.0129305 
0.00590798 -0.230548 0.942603 -0.529609 0.323783 -0.497776 -0.184514 -0.570323 -0.7282 -0.747079 -0.380161 0.288628 1.28315 0.986514 -0.0213817 0 0.337794 -0.82593 1.49955 -0.491195 -0.00773052 
0.150077 -0.452224 0.287985 0.171123 0.191639 -0.873687 0.605918 -1.83635 -1.2869 -0.540392 -0.6877 -0.430018 0.559303 0.402546 -0.0716624 0 0.196137 -0.218387 1.17664 -0.951365 0.145579 
-0.0924616 -0.92852 1.74407 -1.07296 -0.178711 -1.15775 0.329953 0.657403 -0.318711 -0.273616 -0.516529 -0.698829 0.448333 0.449319 1.24318 0 -0.176681 -0.863404 1.36836 -0.762371 -0.0943873 
-0.151385 -0.611725 0.86321 -0.297992 0.331826 -1.15169 0.507434 -0.501994 -0.180164 1.47606 -0.88757 -0.997073 -0.292961 0.972572 -0.663221 0 0.35603 -0.464043 1.20953 -0.791977 -0.175549 
0.236835 0.0779706 0.0781411 -0.352544 -0.254918 0.0677225 0.962113 0.946554 -1.25237 -1.48571 -1.52736 0.12853 -1.28172 0.431361 0.273644 0 -0.253791 -0.288059 -0.000187722 0.0918118 0.235733 
-0.365727 -0.883112 1.5525 -1.24491 0.172699 0.369529 1.23866 -1.93844 -1.27398 -0.403879 -1.06533 -1.16281 1.49293 0.872918 0.120487 0 0.170389 -1.15517 1.23743 -0.657777 -0.363991 
0.0801205 -1.04712 1.89512 -0.0353944 -0.0259261 1.41602 0.952406 -1.97694 -0.740136 1.09977 -0.909362 0.272603 -1.29879 0.695645 -0.911625 0 -0.0259626 -0.0854699 1.97175 -1.07368 0.0801327 
0.0716235 -1.15648 1.89753 -0.548058 -0.0926135 0.95509 0.508718 0.643153 -0.764292 -0.805215 -0.441753 0.224256 0.0777658 0.234778 0.319849 0 -0.0922263 -0.556666 1.87939 -1.12974 0.0712494 
0.0780845 -0.0124799 0.555784 -1.00729 0.087219 0.370789 0.529035 1.62352 -0.394995 1.68422 -1.69973 0.0232112 -1.67604 1.4609 1.5697 0 0.0872642 -1.24196 0.932848 -0.154875 0.0780473 
-0.167253 -0.185224 0.659513 -0.168529 0.136217 1.05614 0.2645 1.54865 -0.839467 -0.868326 0.00946194 -0.445692 0.809388 1.50617 0.792932 0 0.135512 -0.0924845 0.555807 -0.157563 -0.166595 
-0.320229 -0.572607 1.02657 -0.122877 0.408637 -0.00451384 1.2681 -2.01601 -0.111686 0.43815 -1.77779 -1.24239 0.0237339 0.0892811 1.58585 0 0.412364 -0.0916 1.11715 -0.694461 -0.323644 
-0.196549 -0.862763 1.53831 -0.365768 -0.121524 -0.00355397 0.978204 -1.01875 -1.46047 -0.549501 -1.45143 -0.711904 0.240117 0.943805 0.482557 0 -0.123147 -0.14716 1.03303 -0.57609 -0.195043 
0.345098 0.0796601 -0.0137613 -0.493284 -0.0951621 0.976039 0.647549 1.9395 -1.11987 1.19742 -0.621425 -0.403984 -1.34202 0.595269 -1.008 0 -0.0995004 -1.00203 1.01111 -0.436462 0.348844 
0.0877993 -0.939625 1.16549 -0.15947 0.0312775 -0.231978 -0.151796 -0.99632 -1.06298 -1.07655 0.943571 0.193175 1.15198 0.137392 -1.52944 0 0.0293337 -0.225311 1.34935 -1.05764 0.089736 
-0.143764 -0.758471 1.47063 -1.06963 -0.188145 -0.241865 1.09392 -1.6518 -0.99566 -0.943475 -0.487421 -0.468212 -0.986639 0.173661 1.25536 0 -0.187308 -0.74964 0.901691 -0.509525 -0.144521 
0.292164 -0.503088 1.17981 -0.746396 0.247987 0.024627 0.301026 1.1467 -0.825977 1.22914 1.13241 -0.439215 0.814773 0.996459 -0.294888 0 0.240447 -1.18154 1.92746 -0.81559 0.299672 
